F[1] 1 1
F[1] 2 1
F[1] 3 1
F[2] 1 1
F[2] 2 1
F[1] 1 2
F[1] 2 2
F[1] 3 2
F[1] 4 2
F[1] 5 2
F[1] 6 2
F[1] 7 2
F[1] 8 2
F[1] 9 2
F[1] 10 2
F[1] 11 2
F[1] 12 2
F[1] 13 2
F[1] 14 2
F[1] 15 2
F[1] 16 2
F[1] 17 2
F[1] 18 2
F[1] 19 2
F[1] 20 2
F[1] 21 2
F[1] 22 2
F[1] 23 2
F[1] 24 2
F[1] 25 2
F[1] 26 2
F[1] 27 2
F[1] 28 2
F[1] 29 2
F[1] 30 2
F[1] 31 2
F[1] 32 2
F[1] 33 2
F[1] 34 2
F[1] 35 2
F[1] 36 2
F[1] 37 2
F[1] 38 2
F[1] 39 2
F[1] 40 2
F[1] 41 2
F[1] 42 2
F[1] 43 2
F[1] 44 2
F[1] 45 2
F[1] 46 2
F[1] 47 2
F[1] 48 2
F[1] 49 2
F[1] 50 2
F[1] 51 2
F[1] 52 2
F[1] 53 2
F[1] 54 2
F[1] 55 2
F[1] 56 2
F[1] 57 2
F[1] 58 2
F[1] 59 2
F[1] 60 2
F[1] 61 2
F[1] 62 2
F[1] 63 2
F[1] 64 2
F[1] 65 2
F[1] 66 2
F[1] 67 2
F[1] 68 2
F[1] 69 2
F[1] 70 2
F[1] 71 2
F[1] 72 2
F[1] 73 2
F[1] 74 2
F[1] 75 2
F[2] 1 2
F[2] 2 2
F[2] 3 2
F[2] 4 2
F[2] 5 2
F[2] 6 2
F[2] 7 2
F[2] 8 2
F[2] 9 2
F[2] 10 2
F[2] 11 2
F[2] 12 2
F[2] 13 2
F[2] 14 2
F[2] 15 2
F[2] 16 2
F[2] 17 2
F[2] 18 2
F[2] 19 2
F[2] 20 2
F[2] 21 2
F[2] 22 2
F[2] 23 2
F[2] 24 2
F[2] 25 2
F[2] 26 2
F[2] 27 2
F[2] 28 2
F[2] 29 2
F[2] 30 2
F[2] 31 2
F[2] 32 2
F[2] 33 2
F[2] 34 2
F[2] 35 2
F[2] 36 2
F[2] 37 2
F[2] 38 2
F[2] 39 2
F[2] 40 2
F[2] 41 2
F[2] 42 2
F[2] 43 2
F[2] 44 2
F[2] 45 2
F[2] 46 2
F[2] 47 2
F[2] 48 2