100 3.21034e-10 3.00053e-10 4.36248e-10 3.91785e-10
125.893 2.68246e-10 2.53051e-10 3.43036e-10 3.18178e-10
158.489 2.37609e-10 2.2524e-10 2.94712e-10 2.77788e-10
199.526 2.18423e-10 2.07642e-10 2.65955e-10 2.5311e-10
251.189 2.05933e-10 1.96116e-10 2.47679e-10 2.37201e-10
316.228 1.9764e-10 1.88433e-10 2.35658e-10 2.26651e-10
398.107 1.92084e-10 1.83273e-10 2.27608e-10 2.19553e-10
501.187 1.88352e-10 1.79802e-10 2.2217e-10 2.14745e-10
630.957 1.85848e-10 1.77471e-10 2.18488e-10 2.11483e-10
794.328 1.84175e-10 1.75912e-10 2.15994e-10 2.09273e-10
1000 1.83063e-10 1.74874e-10 2.1431e-10 2.0778e-10
1258.93 1.82326e-10 1.74188e-10 2.13177e-10 2.06775e-10
1584.89 1.81842e-10 1.73736e-10 2.12417e-10 2.06101e-10
1995.26 1.81525e-10 1.7344e-10 2.11909e-10 2.0565e-10
2511.89 1.81319e-10 1.73248e-10 2.11571e-10 2.05353e-10
3162.28 1.81185e-10 1.73123e-10 2.11348e-10 2.05151e-10
3981.07 1.81099e-10 1.73042e-10 2.11199e-10 2.05019e-10
5011.87 1.81043e-10 1.7299e-10 2.11103e-10 2.04937e-10
6309.57 1.81007e-10 1.72957e-10 2.11032e-10 2.04879e-10
7943.28 1.80984e-10 1.72936e-10 2.10954e-10 2.04871e-10
10000 1.8097e-10 1.72922e-10 2.10942e-10 2.04823e-10
