1 0.00120548 0.00110158 0.00122 0.000683011
1.35936 0.000377981 0.000345438 0.00038328 0.000216758
1.84785 0.000122279 0.000111759 0.000124392 7.11455e-05
2.51189 4.09848e-05 3.74604e-05 4.18924e-05 2.42686e-05
3.41455 1.4307e-05 1.3077e-05 1.4722e-05 8.65483e-06
4.64159 5.23423e-06 4.78432e-06 5.4348e-06 3.24981e-06
6.30957 2.02168e-06 1.84792e-06 2.1239e-06 1.29526e-06
8.57696 8.31144e-07 7.59716e-07 8.86137e-07 5.52812e-07
11.6591 3.66876e-07 3.35349e-07 3.98178e-07 2.54919e-07
15.8489 1.75368e-07 1.60299e-07 1.94267e-07 1.28039e-07
21.5443 9.14539e-08 7.46386e-08 1.03572e-07 6.29167e-08
29.2864 4.66966e-08 4.2684e-08 5.40576e-08 3.80351e-08
39.8107 2.93332e-08 2.68126e-08 3.46279e-08 2.52076e-08
54.117 2.0187e-08 1.49709e-09 2.41905e-08 1.22971e-09
73.5642 4.97496e-10 4.04103e-10 1.29654e-09 4.25838e-10
100 3.21922e-10 2.80889e-10 4.6905e-10 3.03849e-10
135.936 2.56884e-10 2.29038e-10 3.41346e-10 2.50632e-10
184.785 2.24368e-10 2.01996e-10 2.85877e-10 2.21948e-10
251.189 2.06337e-10 1.86704e-10 2.56215e-10 2.05091e-10
341.455 1.95909e-10 1.77768e-10 2.38988e-10 1.94786e-10
464.159 1.89789e-10 1.72493e-10 2.28618e-10 1.88384e-10
630.957 1.86192e-10 1.69383e-10 2.22289e-10 1.84392e-10
857.696 1.8409e-10 1.67562e-10 2.18419e-10 1.81913e-10
1165.91 1.82873e-10 1.66507e-10 2.16062e-10 1.80385e-10
1584.89 1.82175e-10 1.659e-10 2.14636e-10 1.79451e-10
2154.43 1.81778e-10 1.65556e-10 2.1378e-10 1.78885e-10
2928.64 1.81554e-10 1.65362e-10 2.1327e-10 1.78545e-10
3981.07 1.81429e-10 1.65253e-10 2.12968e-10 1.78342e-10
5411.7 1.81359e-10 1.65193e-10 2.12791e-10 1.78222e-10
7356.42 1.81321e-10 1.65159e-10 2.12686e-10 1.78151e-10
10000 1.813e-10 1.65141e-10 2.12625e-10 1.78109e-10
