1 0.0674708 4.02519e-07 0 0 1 0
1.84785 0.105576 4.28966e-08 0 0 1 0
3.41455 0.160411 1.13311e-10 0.976041 0.00256701 0.0213917 0
6.30957 0.234295 2.2153e-11 0.968863 0.00333613 0.0278011 0
11.6591 0.324954 7.22526e-12 0.94788 0.00558431 0.0465359 0
21.5443 0.423364 3.02683e-12 0.91804 0.00878145 0.0731788 0
39.8107 0.518991 1.52739e-12 0.870652 0.0122676 0.10223 0.0148499
73.5642 0.577448 1.0623e-12 0.840292 0.0145487 0.121239 0.0239209
135.936 0.617554 8.46006e-13 0.821728 0.0162091 0.135076 0.0269872
251.189 0.639681 7.50621e-13 0.811771 0.0171494 0.142911 0.0281676
464.159 0.65018 7.1015e-13 0.807091 0.0176007 0.146673 0.0286354
857.696 0.654427 6.9457e-13 0.805204 0.0177842 0.148201 0.02881
1584.89 0.65573 6.89878e-13 0.804626 0.0178405 0.148671 0.0288619
2928.64 0.655803 6.89615e-13 0.804594 0.0178437 0.148698 0.0288648
5411.7 0.655218 6.91717e-13 0.804854 0.0178184 0.148487 0.0288416
10000 0.654419 6.94599e-13 0.805208 0.0177838 0.148199 0.0288096
