1 0.000401828 0.000367192 5.83965e-07 5.33779e-07 0.00038723 0.000230001 5.21561e-07 3.11782e-07
1.84785 4.07598e-05 3.72531e-05 5.95163e-08 5.44021e-08 3.98766e-05 2.43106e-05 5.49118e-08 3.0013e-08
3.41455 4.76899e-06 4.359e-06 1.66968e-10 1.4506e-10 4.75484e-06 2.99965e-06 1.55241e-10 8.77112e-11
6.30957 6.73892e-07 6.15974e-07 2.58696e-11 2.42259e-11 6.8825e-07 4.54674e-07 2.5755e-11 1.91305e-11
11.6591 1.22292e-07 1.11783e-07 7.94447e-12 7.48356e-12 1.28441e-07 9.01837e-08 8.12819e-12 6.42977e-12
21.5443 3.04846e-08 2.48795e-08 3.18224e-12 3.00034e-12 3.26931e-08 2.20489e-08 3.31816e-12 2.76115e-12
39.8107 9.77772e-09 8.93755e-09 1.60407e-12 1.50772e-12 1.01748e-08 8.30458e-09 1.64729e-12 1.43219e-12
73.5642 1.65832e-10 1.34701e-10 1.02109e-12 9.60763e-13 2.33916e-10 1.73773e-10 1.09487e-12 1.03302e-12
135.936 8.5628e-11 7.63459e-11 7.94305e-13 7.47227e-13 1.00032e-10 9.57415e-11 8.55841e-13 8.38876e-13
251.189 6.87791e-11 6.22346e-11 7.03724e-13 6.61901e-13 7.72356e-11 7.71833e-11 7.52076e-13 7.51794e-13
464.159 6.32629e-11 5.74978e-11 6.68749e-13 6.28952e-13 7.05552e-11 6.95594e-11 7.144e-13 7.08458e-13
857.696 6.13635e-11 5.58542e-11 6.56017e-13 6.16957e-13 6.80575e-11 6.69245e-11 6.99318e-13 6.92293e-13
1584.89 6.07248e-11 5.53001e-11 6.51654e-13 6.12846e-13 6.72502e-11 6.6216e-11 6.94321e-13 6.87835e-13
2928.64 6.0518e-11 5.51205e-11 6.50232e-13 6.11506e-13 6.71559e-11 6.62187e-11 6.93733e-13 6.87851e-13
5411.7 6.04531e-11 5.50642e-11 6.49785e-13 6.11085e-13 6.73551e-11 6.66539e-11 6.94972e-13 6.90592e-13
10000 6.04332e-11 5.50469e-11 6.49648e-13 6.10956e-13 6.77433e-11 6.7186e-11 6.97377e-13 6.9392e-13
