1 0.00120341 0.00115227 0.00134229 0.00113375
1.84785 0.00012207 0.000116892 0.000136158 0.000116057
3.41455 1.42825e-05 1.36771e-05 1.59507e-05 1.37584e-05
6.30957 2.01822e-06 1.9327e-06 2.25976e-06 1.98035e-06
11.6591 3.66248e-07 3.50732e-07 4.11312e-07 3.68045e-07
21.5443 9.12975e-08 8.74297e-08 1.02522e-07 9.41029e-08
39.8107 2.9283e-08 2.80425e-08 3.24582e-08 3.05971e-08
73.5642 4.95254e-10 4.45333e-10 7.04725e-10 6.23586e-10
135.936 2.56299e-10 2.4225e-10 2.9362e-10 2.88582e-10
251.189 2.05933e-10 1.96116e-10 2.27999e-10 2.27885e-10
464.159 1.89435e-10 1.8081e-10 2.07953e-10 2.06701e-10
857.696 1.83753e-10 1.75518e-10 2.00888e-10 1.99148e-10
1584.89 1.81842e-10 1.73736e-10 1.98425e-10 1.96492e-10
2928.64 1.81223e-10 1.73159e-10 1.97611e-10 1.9559e-10
5411.7 1.81029e-10 1.72978e-10 1.97366e-10 1.95303e-10
10000 1.8097e-10 1.72922e-10 1.97348e-10 1.95178e-10
