1 0.0166214 0.000297849 0 0 1 0
1.84785 0.0260959 3.10847e-05 0 0 1 0
3.41455 0.039776 3.77177e-06 0 0 1 0
6.30957 0.0582642 5.58899e-07 0 0 1 0
11.6591 0.0810035 1.07571e-07 0 0 1 0
21.5443 0.105713 2.53687e-08 0 0.107143 0.892857 0
39.8107 0.129706 9.12229e-09 0 0.107143 0.892857 0
73.5642 0.144362 1.97268e-10 0.963066 0.00395721 0.0329767 0
135.936 0.154394 9.75121e-11 0.974454 0.00273704 0.0228087 0
251.189 0.159923 7.69648e-11 0.975959 0.00257584 0.0214654 0
464.159 0.162546 6.98414e-11 0.976335 0.00253552 0.0211294 0
857.696 0.163607 6.72896e-11 0.976446 0.00252366 0.0210305 0
1584.89 0.163933 6.654e-11 0.976476 0.00252046 0.0210038 0
2928.64 0.163951 6.64984e-11 0.976477 0.00252029 0.0210024 0
5411.7 0.163804 6.68332e-11 0.976464 0.00252169 0.0210141 0
10000 0.163605 6.72951e-11 0.976446 0.00252368 0.0210307 0
