10 0.0798525 0.0744463 0.0638653 0.0662398 0.0686164
12.5893 0.0898786 0.083742 0.0730243 0.0756074 0.0782182
15.8489 0.100288 0.0933526 0.0826418 0.0854336 0.0882882
19.9526 0.110885 0.103068 0.0925071 0.0955125 0.0986231
25.1189 0.121455 0.11265 0.102372 0.105608 0.108969
31.6228 0.131791 0.121854 0.111976 0.115481 0.117941
39.8107 0.14173 0.130455 0.121081 0.124926 0.129826
50.1187 0.150501 0.137897 0.12931 0.133518 0.139142
63.0957 0.158516 0.144189 0.136447 0.14119 0.147851
79.4328 0.165676 0.149323 0.142618 0.148002 0.156089
100 0.171895 0.152764 0.147772 0.154733 0.163943
125.893 0.177127 0.155366 0.15197 0.160436 0.171632
158.489 0.181304 0.156424 0.15532 0.165801 0.179469
199.526 0.184297 0.15588 0.157959 0.171052 0.187871
251.189 0.18587 0.153593 0.160029 0.176471 0.197388
316.228 0.185648 0.149375 0.161664 0.182396 0.208773
398.107 0.183128 0.143039 0.162981 0.189235 0.223153
501.187 0.177833 0.134468 0.164078 0.197516 0.242387
630.957 0.169775 0.123718 0.165033 0.207976 0.269904
794.328 0.158091 0.111099 0.165908 0.221739 0.31291
1000 0.14326 0.0972028 0.166747 0.240672 0.389173
1258.93 0.125673 0.0828288 0.167586 0.268193 0.553197
1584.89 0.106486 0.0688276 0.168449 0.311303 1
1995.26 0.0872312 0.0559245 0.169354 0.386564 1
2511.89 0.0693479 0.0445975 0.170309 0.541759 1
3162.28 0.0538156 0.0350489 0.171315 0.95296 1
3981.07 0.041034 0.0272536 0.172362 0 1
5011.87 0.0309327 0.0210412 0.173427 -0.0660764 1
6309.57 0.0231711 0.0161748 0.17447 -0.0563079 1
7943.28 0.0173135 0.0124065 0.175431 -0.0461003 1
10000 0.0129379 0.00950961 0.176225 -0.0371348 1
