1.11617 0.0675201
1.18686 0.0706884
1.26203 0.0739882
1.34196 0.0774244
1.42694 0.0810008
1.51731 0.0847218
1.6134 0.0885912
1.71557 0.0926134
1.82421 0.0967923
1.93972 0.101132
2.06255 0.105636
2.19314 0.110309
2.332 0.115154
2.47965 0.120175
2.63664 0.125374
2.80355 0.130755
2.98102 0.136322
3.16971 0.142075
3.37034 0.148019
3.58364 0.154154
3.81042 0.160482
4.05153 0.167004
4.30787 0.173722
4.5804 0.180634
4.87013 0.187741
5.17815 0.195042
5.50559 0.202535
5.85369 0.210218
6.22373 0.218088
6.61709 0.226141
7.03522 0.234374
7.47967 0.242781
7.95208 0.251355
8.4542 0.260092
8.98786 0.268982
9.55504 0.278018
10.1578 0.28719
10.7984 0.29649
11.4791 0.305905
12.2024 0.315426
12.9709 0.32504
13.7875 0.334734
14.655 0.344497
15.5766 0.354314
16.5557 0.364173
17.5956 0.374059
18.7002 0.38396
19.8734 0.393862
21.1193 0.403753
22.4423 0.41362
23.8472 0.423453
25.3389 0.433243
26.9227 0.442981
28.604 0.452662
30.3889 0.462283
32.2837 0.471844
34.2949 0.48135
36.4297 0.490809
38.6956 0.500236
41.0672 0.48855
43.6526 0.519083
46.3618 0.528582
49.1472 0.531756
52.1418 0.53755
55.3233 0.543617
58.6983 0.54967
62.2764 0.555608
66.0686 0.561385
70.0867 0.566975
74.3433 0.572363
78.852 0.57754
83.627 0.582502
88.6834 0.587247
94.0371 0.591775
99.7049 0.596088
105.705 0.600187
112.055 0.604078
118.777 0.607764
125.89 0.61125
133.417 0.614542
141.381 0.617646
149.808 0.620568
158.722 0.623314
168.153 0.625891
178.129 0.628306
188.681 0.630566
199.841 0.632677
211.645 0.634646
224.128 0.636481
237.33 0.638187
251.29 0.639772
266.052 0.641242
281.661 0.642602
298.166 0.643861
315.616 0.645022
334.066 0.646093
353.572 0.647078
374.194 0.647984
395.995 0.648814
419.042 0.649575
443.406 0.650271
469.162 0.650906
496.387 0.651484
525.166 0.65201
555.585 0.652488
587.739 0.65292
621.726 0.65331
657.648 0.653662
695.616 0.653978
735.746 0.654261
778.159 0.654514
822.985 0.654739
870.36 0.654938
920.428 0.655113
973.342 0.655267
1029.26 0.6554
1088.36 0.655515
1150.81 0.655614
1216.8 0.655696
1286.54 0.655765
1360.24 0.65582
1438.12 0.655863
1520.4 0.655895
1607.36 0.655917
1699.24 0.655929
1796.32 0.655933
1898.89 0.65593
2007.27 0.655919
2121.79 0.655902
2242.78 0.655878
2370.6 0.655847
2505.66 0.655813
2648.34 0.655774
2799.08 0.655729
2958.32 0.655681
3126.56 0.655629
3304.28 0.655575
3492.03 0.65551
3690.36 0.655452
3899.86 0.655382
4121.16 0.655318
4354.92 0.655248
4601.84 0.655165
4862.64 0.655093
5138.11 0.655021
5429.07 0.654939
5736.37 0.654857
6060.92 0.654768
6403.69 0.654676
6765.7 0.654598
7148 0.654512
