1.11987 0.0631956
1.19078 0.0662174
1.26617 0.0693687
1.34634 0.0726541
1.43158 0.0760777
1.52222 0.0796441
1.6186 0.0833576
1.72107 0.0872228
1.83002 0.091244
1.94588 0.0954257
2.06906 0.0997721
2.20003 0.104288
2.33929 0.108976
2.48735 0.113842
2.64478 0.11889
2.81216 0.124122
2.99013 0.129544
3.17934 0.135157
3.38051 0.140966
3.59439 0.146972
3.82178 0.153179
4.06354 0.159589
4.32055 0.166203
4.59379 0.173023
4.88427 0.180049
5.19307 0.187283
5.52134 0.194722
5.87031 0.202367
6.24125 0.210216
6.63556 0.218267
7.05468 0.226516
7.50016 0.23496
7.97365 0.243594
8.47688 0.252412
9.01171 0.261409
9.58008 0.270576
10.1841 0.279905
10.8259 0.289388
11.5079 0.299013
12.2325 0.30877
13.0024 0.318646
13.8203 0.328629
14.6891 0.338704
15.612 0.348857
16.5922 0.359071
17.6333 0.36933
18.7389 0.379618
19.9129 0.389916
21.1594 0.400206
22.4828 0.41047
23.8877 0.420688
25.3789 0.430841
26.9616 0.440911
28.6411 0.450879
30.4233 0.460725
32.3142 0.470432
34.3201 0.479981
36.4478 0.489355
38.7044 0.498539
41.0973 0.507516
43.6347 0.516273
46.3246 0.524796
49.1761 0.533074
52.1983 0.541095
55.4011 0.548851
58.7948 0.556333
62.3903 0.563537
66.1991 0.570455
70.2334 0.577086
74.5058 0.583428
79.0299 0.589479
83.8199 0.595241
88.8908 0.600716
94.2583 0.605906
99.9393 0.610817
105.951 0.615455
112.312 0.619824
119.043 0.623933
126.163 0.627789
133.694 0.631402
141.66 0.634779
150.084 0.63793
158.992 0.640866
168.411 0.643596
178.369 0.646129
188.896 0.648477
200.024 0.650649
211.786 0.652655
224.216 0.654505
237.353 0.656208
251.234 0.657774
265.902 0.659212
281.399 0.660529
297.77 0.661736
315.065 0.662839
333.333 0.663846
352.629 0.664765
373.008 0.665601
394.53 0.666363
417.258 0.667055
441.257 0.667683
466.598 0.668253
493.352 0.668769
521.597 0.669236
551.415 0.669658
582.891 0.67004
616.114 0.670384
651.18 0.670695
688.189 0.670975
727.245 0.671227
768.46 0.671454
811.949 0.671658
857.835 0.671842
906.247 0.672006
957.321 0.672154
1011.2 0.672286
1068.03 0.672405
1127.98 0.672511
1191.2 0.672607
1257.88 0.672692
1328.2 0.672768
1402.34 0.672836
1480.52 0.672897
1562.94 0.672951
1649.84 0.673
1741.44 0.673043
1837.99 0.673082
1939.76 0.673116
2047.01 0.673147
2160.03 0.673174
2279.13 0.673199
2404.62 0.67322
2536.83 0.67324
2676.11 0.673257
2822.82 0.673272
2977.35 0.673286
3140.1 0.673298
3311.49 0.673309
3491.95 0.673318
3681.97 0.673327
3882.01 0.673334
4092.59 0.673341
4314.23 0.673347
4547.51 0.673352
4792.99 0.673357
5051.3 0.673361
5323.06 0.673365
5608.96 0.673368
5909.68 0.673371
6225.97 0.673374
6558.58 0.673376
