1.11617 0.0166338
1.18686 0.0174202
1.26203 0.0182396
1.34196 0.0190931
1.42694 0.0199818
1.51731 0.0209067
1.6134 0.0218689
1.71557 0.0228694
1.82421 0.0239092
1.93972 0.0249894
2.06255 0.026111
2.19314 0.0272749
2.332 0.028482
2.47965 0.0297334
2.63664 0.0310298
2.80355 0.032372
2.98102 0.0337608
3.16971 0.0351968
3.37034 0.0366806
3.58364 0.0382127
3.81042 0.0397936
4.05153 0.0414235
4.30787 0.0431027
4.5804 0.0448311
4.87013 0.0466087
5.17815 0.0484353
5.50559 0.0503105
5.85369 0.0522338
6.22373 0.0542044
6.61709 0.0562215
7.03522 0.058284
7.47967 0.0603906
7.95208 0.0625398
8.4542 0.06473
8.98786 0.0669593
9.55504 0.0692255
10.1578 0.0715264
10.7984 0.0738596
11.4791 0.0762223
12.2024 0.0786117
12.9709 0.0810248
13.7875 0.0834585
14.655 0.0859095
15.5766 0.0883744
16.5557 0.0908498
17.5956 0.0933323
18.7002 0.0958185
19.8734 0.098305
21.1193 0.100789
22.4423 0.103266
23.8472 0.105735
25.3389 0.108193
26.9227 0.110638
28.604 0.113068
30.3889 0.115483
32.2837 0.117882
34.2949 0.120267
36.4297 0.12264
38.6956 0.125004
41.0672 0.122097
43.6526 0.129729
46.3618 0.13211
49.1472 0.132911
52.1418 0.134365
55.3233 0.135887
58.6983 0.137404
62.2764 0.138892
66.0686 0.14034
70.0867 0.14174
74.3433 0.143089
78.852 0.144385
83.627 0.145628
88.6834 0.146815
94.0371 0.147948
99.7049 0.149027
105.705 0.150052
112.055 0.151025
118.777 0.151947
125.89 0.152818
133.417 0.153641
141.381 0.154417
149.808 0.155148
158.722 0.155834
168.153 0.156478
178.129 0.157081
188.681 0.157646
199.841 0.158173
211.645 0.158666
224.128 0.159124
237.33 0.15955
251.29 0.159946
266.052 0.160313
281.661 0.160653
298.166 0.160967
315.616 0.161258
334.066 0.161525
353.572 0.161771
374.194 0.161997
395.995 0.162205
419.042 0.162395
443.406 0.162569
469.162 0.162727
496.387 0.162872
525.166 0.163003
555.585 0.163123
587.739 0.163231
621.726 0.163328
657.648 0.163416
695.616 0.163495
735.746 0.163566
778.159 0.163629
822.985 0.163685
870.36 0.163735
920.428 0.163779
973.342 0.163817
1029.26 0.16385
1088.36 0.163879
1150.81 0.163904
1216.8 0.163924
1286.54 0.163941
1360.24 0.163955
1438.12 0.163966
1520.4 0.163974
1607.36 0.163979
1699.24 0.163982
1796.32 0.163983
1898.89 0.163982
2007.27 0.16398
2121.79 0.163975
2242.78 0.163969
2370.6 0.163962
2505.66 0.163953
2648.34 0.163943
2799.08 0.163932
2958.32 0.16392
3126.56 0.163907
3304.28 0.163894
3492.03 0.163878
3690.36 0.163863
3899.86 0.163845
4121.16 0.163829
4354.92 0.163812
4601.84 0.163791
4862.64 0.163773
5138.11 0.163755
5429.07 0.163735
5736.37 0.163714
6060.92 0.163692
6403.69 0.163669
6765.7 0.16365
7148 0.163628
