91.6793 0.151128 0.147878 91.6806 0.147867
97.9244 0.152436 0.149156 97.9257 0.149145
104.591 0.153664 0.15036 104.592 0.150348
111.707 0.154813 0.151489 111.708 0.151477
119.302 0.155886 0.152548 119.303 0.152535
127.409 0.156887 0.153537 127.41 0.153524
136.062 0.157817 0.154461 136.063 0.154447
145.297 0.15868 0.15532 145.298 0.155306
155.153 0.159479 0.156119 155.154 0.156104
165.672 0.160217 0.156859 165.673 0.156844
176.897 0.160897 0.157544 176.899 0.157528
188.877 0.161522 0.158177 188.878 0.158161
201.662 0.162097 0.15876 201.662 0.158744
215.304 0.162623 0.159297 215.305 0.159281
229.862 0.163105 0.15979 229.863 0.159774
245.397 0.163545 0.160243 245.398 0.160226
261.974 0.163945 0.160657 261.974 0.16064
279.663 0.16431 0.161036 279.663 0.161018
298.538 0.164641 0.161382 298.537 0.161364
318.678 0.164942 0.161697 318.677 0.161679
340.167 0.165214 0.161983 340.166 0.161965
363.097 0.16546 0.162244 363.095 0.162226
387.563 0.165682 0.162481 387.561 0.162462
413.668 0.165883 0.162695 413.665 0.162677
441.521 0.166063 0.162889 441.518 0.162871
471.24 0.166225 0.163065 471.236 0.163046
502.948 0.166371 0.163223 502.943 0.163205
536.78 0.166502 0.163366 536.774 0.163348
572.876 0.166619 0.163495 572.869 0.163477
611.388 0.166725 0.163611 611.38 0.163593
652.479 0.166818 0.163715 652.469 0.163698
696.319 0.166902 0.163809 696.308 0.163792
743.092 0.166977 0.163893 743.08 0.163876
792.996 0.167044 0.163968 792.982 0.163952
846.239 0.167104 0.164036 846.223 0.16402
903.044 0.167157 0.164096 903.025 0.164081
963.648 0.167204 0.16415 963.628 0.164135
1028.31 0.167246 0.164199 1028.28 0.164184
1097.29 0.167283 0.164242 1097.26 0.164228
1170.89 0.167316 0.16428 1170.86 0.164268
1249.41 0.167345 0.164315 1249.38 0.164303
1333.18 0.167371 0.164345 1333.14 0.164335
1422.56 0.167394 0.164372 1422.51 0.164364
1517.91 0.167415 0.164397 1517.86 0.164389
1619.63 0.167433 0.164418 1619.58 0.164413
1728.16 0.167449 0.164437 1728.1 0.164434
1843.94 0.167463 0.164454 1843.87 0.164454
1967.47 0.167475 0.164469 1967.39 0.164471
2099.25 0.167486 0.164482 2099.16 0.164488
2239.84 0.167496 0.164494 2239.74 0.164504
2389.83 0.167505 0.164504 2389.71 0.164518
2549.84 0.167512 0.164513 2549.71 0.164532
2720.55 0.167519 0.164521 2720.4 0.164546
2902.67 0.167525 0.164528 2902.5 0.16456
3096.96 0.16753 0.164535 3096.76 0.164574
3304.23 0.167534 0.16454 3304 0.164589
3525.35 0.167538 0.164545 3525.09 0.164605
3761.25 0.167542 0.164549 3760.94 0.164622
4012.91 0.167545 0.164552 4012.54 0.164641
4281.39 0.167548 0.164556 4280.94 0.164663
4567.8 0.16755 0.164559 4567.26 0.164688
