100 0.153272 0.151952 0.151436 0.152088 0.152746
158.489 0.159963 0.158586 0.158499 0.159184 0.159875
251.189 0.163838 0.162427 0.162804 0.163509 0.16422
398.107 0.165889 0.164461 0.165316 0.166034 0.166759
630.957 0.1669 0.165464 0.166803 0.16753 0.168263
1000 0.167371 0.16593 0.167757 0.16849 0.16923
1584.89 0.167581 0.166139 0.168455 0.169193 0.169938
2511.89 0.167672 0.166229 0.169036 0.169779 0.170529
3981.07 0.167711 0.166267 0.169568 0.170316 0.17107
6309.57 0.167727 0.166283 0.17008 0.170832 0.171591
10000 0.167733 0.166289 0.170586 0.171342 0.172105
