1.03802 0.0155936
1.13816 0.0167221
1.24797 0.0179234
1.36836 0.019201
1.50037 0.0205585
1.64511 0.0219995
1.80381 0.0235277
1.97782 0.0251464
2.16861 0.0268593
2.3778 0.0286695
2.60716 0.0305802
2.85864 0.0325942
3.13437 0.0347142
3.43667 0.0369423
3.76812 0.0392804
4.13151 0.0417297
4.52992 0.0442911
4.96671 0.0469646
5.44558 0.0497497
5.97057 0.0526448
6.54611 0.0556478
7.17704 0.0587554
7.86869 0.0619633
8.62687 0.0652662
9.45795 0.0686578
10.3689 0.0721306
11.3674 0.0756758
12.4617 0.0792837
13.6611 0.0829436
14.9755 0.0866437
16.4159 0.0903714
17.9942 0.0941134
19.7236 0.0978559
21.6184 0.101585
23.6942 0.105286
25.9682 0.108945
28.4591 0.112548
31.1874 0.116085
34.1755 0.119542
37.4478 0.122911
41.0311 0.126184
44.9545 0.129356
49.2438 0.132092
53.9413 0.134798
59.0837 0.137387
64.7121 0.139838
70.8716 0.142143
77.6119 0.1443
84.987 0.146307
93.0561 0.148166
101.884 0.149881
111.541 0.151456
122.104 0.152896
133.658 0.154207
146.295 0.155396
160.116 0.156471
175.23 0.157438
191.759 0.158305
209.834 0.15908
229.599 0.159771
251.21 0.160384
274.841 0.160927
300.678 0.161406
328.927 0.161827
359.813 0.162197
393.581 0.162521
430.5 0.162804
470.861 0.16305
514.987 0.163264
563.228 0.16345
615.965 0.163611
673.619 0.16375
736.646 0.163869
805.547 0.163973
880.869 0.164061
963.208 0.164137
1053.22 0.164202
1151.62 0.164258
1259.18 0.164306
1376.76 0.164346
1505.29 0.164381
1645.79 0.16441
1799.37 0.164435
1967.25 0.164456
2150.77 0.164474
2351.37 0.164488
2570.64 0.164501
2810.32 0.164512
3072.32 0.164521
3358.69 0.164528
3671.72 0.164534
4013.88 0.164539
4387.88 0.164543
4796.68 0.164545
5243.51 0.164548
5731.91 0.164548
6265.74 0.164553
6849.23 0.164552
7487 0.16455
8184.07 0.164559
8945.98 0.164547
