1.03979 0.0157314
1.1401 0.0168717
1.25009 0.0180859
1.37068 0.0193775
1.50291 0.0207504
1.6479 0.0222081
1.80686 0.0237545
1.98116 0.0253931
2.17227 0.0271277
2.38181 0.0289615
2.61155 0.030898
2.86344 0.0329402
3.13962 0.0350908
3.44243 0.0373523
3.77442 0.0397268
4.1384 0.0422157
4.53746 0.04482
4.97496 0.0475401
5.4546 0.0503756
5.98043 0.0533253
6.55688 0.056387
7.18881 0.0595578
7.88154 0.0628334
8.6409 0.0662087
9.47325 0.0696773
10.3856 0.0732315
11.3856 0.0768626
12.4815 0.0805606
13.6826 0.0843142
14.9988 0.0881112
16.4412 0.0919381
18.0216 0.0957807
19.7532 0.099624
21.6503 0.103452
23.7286 0.10725
26.0051 0.111001
28.4985 0.114689
31.2294 0.118299
34.2199 0.121816
37.4945 0.125226
41.0799 0.128517
45.0051 0.131676
49.3019 0.134696
54.0051 0.137566
59.1525 0.140282
64.7857 0.142839
70.9497 0.145234
77.6942 0.147466
85.073 0.149537
93.1452 0.151449
101.975 0.153206
111.633 0.154813
122.197 0.156277
133.749 0.157603
146.383 0.158801
160.197 0.159878
175.303 0.160842
191.82 0.161702
209.878 0.162467
229.62 0.163143
251.204 0.163741
274.799 0.164266
300.593 0.164727
328.789 0.16513
359.61 0.165481
393.3 0.165786
430.124 0.166051
470.374 0.16628
514.367 0.166478
562.451 0.166648
615.004 0.166794
672.441 0.16692
735.215 0.167027
803.821 0.167119
878.799 0.167197
960.741 0.167264
1050.29 0.16732
1148.15 0.167369
1255.1 0.167409
1371.97 0.167444
1499.69 0.167473
1639.26 0.167498
1791.78 0.167519
1958.44 0.167537
2140.55 0.167551
2339.56 0.167564
2557.01 0.167574
2794.62 0.167583
3054.25 0.167591
3337.95 0.167597
3647.93 0.167602
3986.63 0.167607
4356.7 0.16761
4761.04 0.167613
5202.83 0.167616
5685.52 0.167618
6212.9 0.16762
6789.09 0.167621
7418.6 0.167623
8106.37 0.167624
8857.76 0.167625
