100 0.151656 0.150892 0.150709 0.150953 0.151307
112.202 0.15357 0.152916 0.152804 0.153006 0.153322
125.893 0.155277 0.154729 0.154668 0.154834 0.155115
141.254 0.156793 0.156342 0.156316 0.15645 0.1567
158.489 0.158129 0.157769 0.157762 0.157869 0.158093
177.828 0.159303 0.159024 0.159025 0.15911 0.159312
199.526 0.160327 0.160123 0.160121 0.160189 0.160373
223.872 0.161217 0.16108 0.161067 0.161122 0.161293
251.189 0.161988 0.161911 0.161881 0.161926 0.162088
281.838 0.162653 0.162628 0.162577 0.162618 0.162773
316.228 0.163224 0.163246 0.163172 0.16321 0.163362
354.813 0.163713 0.163776 0.163677 0.163716 0.163868
398.107 0.164131 0.164229 0.164107 0.164149 0.164302
446.684 0.164488 0.164617 0.164471 0.164519 0.164676
501.187 0.164792 0.164947 0.164781 0.164835 0.164998
562.341 0.16505 0.165229 0.165044 0.165107 0.165276
630.957 0.165271 0.165469 0.165268 0.165341 0.165518
707.946 0.165459 0.165674 0.165459 0.165543 0.165729
794.328 0.165619 0.165849 0.165625 0.16572 0.165916
891.251 0.165756 0.165999 0.165768 0.165876 0.166082
1000 0.165874 0.166127 0.165894 0.166014 0.166231
1122.02 0.165975 0.166238 0.166005 0.166138 0.166367
1258.93 0.166064 0.166334 0.166105 0.166252 0.166491
1412.54 0.16614 0.166418 0.166196 0.166356 0.166607
1584.89 0.166208 0.166492 0.16628 0.166453 0.166716
1778.28 0.166268 0.166558 0.166359 0.166546 0.16682
1995.26 0.166322 0.166616 0.166433 0.166634 0.16692
2238.72 0.16637 0.166669 0.166505 0.166719 0.167017
2511.89 0.166414 0.166717 0.166575 0.166802 0.167111
2818.38 0.166455 0.166761 0.166644 0.166883 0.167204
3162.28 0.166492 0.166802 0.166712 0.166964 0.167296
3548.13 0.166528 0.166841 0.16678 0.167045 0.167388
3981.07 0.166561 0.166877 0.166848 0.167125 0.167479
4466.84 0.166593 0.166912 0.166917 0.167206 0.167571
5011.87 0.166623 0.166945 0.166986 0.167288 0.167663
5623.41 0.166652 0.166977 0.167056 0.16737 0.167756
6309.57 0.166681 0.167007 0.167128 0.167453 0.167849
7079.46 0.166708 0.167038 0.167201 0.167537 0.167943
7943.28 0.166735 0.167067 0.167275 0.167622 0.168039
8912.51 0.166762 0.167096 0.16735 0.167709 0.168135
10000 0.166788 0.167124 0.167427 0.167796 0.168232
