100 0.153665 0.152342 0.151825 0.152479 0.153138
112.202 0.155657 0.154317 0.153903 0.154566 0.155235
125.893 0.157427 0.156072 0.155763 0.156435 0.157113
141.254 0.158988 0.157619 0.15742 0.1581 0.158786
158.489 0.160357 0.158976 0.158889 0.159575 0.160268
177.828 0.161549 0.160158 0.160185 0.160877 0.161576
199.526 0.162581 0.161182 0.161324 0.162022 0.162726
223.872 0.16347 0.162063 0.162322 0.163025 0.163734
251.189 0.164231 0.162817 0.163194 0.163902 0.164615
281.838 0.16488 0.16346 0.163956 0.164667 0.165384
316.228 0.165429 0.164005 0.164621 0.165335 0.166056
354.813 0.165893 0.164465 0.165201 0.165918 0.166642
398.107 0.166283 0.164851 0.165708 0.166428 0.167154
446.684 0.166609 0.165175 0.166153 0.166875 0.167604
501.187 0.166881 0.165444 0.166543 0.167268 0.167999
562.341 0.167107 0.165668 0.166889 0.167616 0.168349
630.957 0.167294 0.165854 0.167196 0.167925 0.16866
707.946 0.167448 0.166007 0.167471 0.168201 0.168938
794.328 0.167575 0.166133 0.167719 0.168451 0.169189
891.251 0.167679 0.166236 0.167945 0.168678 0.169418
1000 0.167765 0.166321 0.168151 0.168886 0.169628
1122.02 0.167834 0.16639 0.168343 0.169079 0.169822
1258.93 0.167891 0.166446 0.168522 0.169259 0.170003
1412.54 0.167937 0.166492 0.16869 0.169429 0.170174
1584.89 0.167975 0.166529 0.16885 0.16959 0.170337
1778.28 0.168005 0.166559 0.169003 0.169745 0.170492
1995.26 0.16803 0.166583 0.169151 0.169893 0.170642
2238.72 0.16805 0.166603 0.169294 0.170037 0.170788
2511.89 0.168066 0.166619 0.169433 0.170178 0.170929
2818.38 0.168079 0.166632 0.169569 0.170315 0.171068
3162.28 0.168089 0.166642 0.169703 0.17045 0.171204
3548.13 0.168097 0.16665 0.169835 0.170583 0.171338
3981.07 0.168104 0.166657 0.169966 0.170715 0.171471
4466.84 0.16811 0.166662 0.170095 0.170846 0.171603
5011.87 0.168114 0.166667 0.170224 0.170975 0.171734
5623.41 0.168117 0.16667 0.170352 0.171104 0.171864
6309.57 0.16812 0.166673 0.170479 0.171233 0.171993
7079.46 0.168122 0.166675 0.170606 0.171361 0.172123
7943.28 0.168124 0.166677 0.170733 0.171489 0.172252
8912.51 0.168125 0.166678 0.170859 0.171617 0.17238
10000 0.168127 0.166679 0.170986 0.171744 0.172509
