1.11987 0.0157989
1.19078 0.0165543
1.26617 0.0173422
1.34634 0.0181635
1.43158 0.0190194
1.52222 0.019911
1.6186 0.0208394
1.72107 0.0218057
1.83002 0.022811
1.94588 0.0238564
2.06906 0.024943
2.20003 0.0260719
2.33929 0.0272441
2.48735 0.0284606
2.64478 0.0297225
2.81216 0.0310306
2.99013 0.0323859
3.17934 0.0337893
3.38051 0.0352414
3.59439 0.036743
3.82178 0.0382948
4.06354 0.0398973
4.32055 0.0415508
4.59379 0.0432558
4.88427 0.0450124
5.19307 0.0468206
5.52134 0.0486805
5.87031 0.0505918
6.24125 0.0525541
6.63556 0.0545667
7.05468 0.056629
7.50016 0.05874
7.97365 0.0608985
8.47688 0.0631031
9.01171 0.0653522
9.58008 0.0676439
10.1841 0.0699763
10.8259 0.0723469
11.5079 0.0747533
12.2325 0.0771925
13.0024 0.0796616
13.8203 0.0821573
14.6891 0.0846761
15.612 0.0872142
16.5922 0.0897677
17.6333 0.0923326
18.7389 0.0949045
19.9129 0.097479
21.1594 0.100052
22.4828 0.102617
23.8877 0.105172
25.3789 0.10771
26.9616 0.110228
28.6411 0.11272
30.4233 0.115181
32.3142 0.117608
34.3201 0.119995
36.4478 0.122339
38.7044 0.124635
41.0973 0.126879
43.6347 0.129068
46.3246 0.131199
49.1761 0.133268
52.1983 0.135274
55.4011 0.137213
58.7948 0.139083
62.3903 0.140884
66.1991 0.142614
70.2334 0.144272
74.5058 0.145857
79.0299 0.14737
83.8199 0.14881
88.8908 0.150179
94.2583 0.151477
99.9393 0.152704
105.951 0.153864
112.312 0.154956
119.043 0.155983
126.163 0.156947
133.694 0.15785
141.66 0.158695
150.084 0.159483
158.992 0.160217
168.411 0.160899
178.369 0.161532
188.896 0.162119
200.024 0.162662
211.786 0.163164
224.216 0.163626
237.353 0.164052
251.234 0.164444
265.902 0.164803
281.399 0.165132
297.77 0.165434
315.065 0.16571
333.333 0.165962
352.629 0.166191
373.008 0.1664
394.53 0.166591
417.258 0.166764
441.257 0.166921
466.598 0.167063
493.352 0.167192
521.597 0.167309
551.415 0.167415
582.891 0.16751
616.114 0.167596
651.18 0.167674
688.189 0.167744
727.245 0.167807
768.46 0.167864
811.949 0.167915
857.835 0.16796
906.247 0.168002
957.321 0.168038
1011.2 0.168072
1068.03 0.168101
1127.98 0.168128
1191.2 0.168152
1257.88 0.168173
1328.2 0.168192
1402.34 0.168209
1480.52 0.168224
1562.94 0.168238
1649.84 0.16825
1741.44 0.168261
1837.99 0.16827
1939.76 0.168279
2047.01 0.168287
2160.03 0.168294
2279.13 0.1683
2404.62 0.168305
2536.83 0.16831
2676.11 0.168314
2822.82 0.168318
2977.35 0.168321
3140.1 0.168325
3311.49 0.168327
3491.95 0.16833
3681.97 0.168332
3882.01 0.168334
4092.59 0.168335
4314.23 0.168337
4547.51 0.168338
4792.99 0.168339
5051.3 0.16834
5323.06 0.168341
5608.96 0.168342
5909.68 0.168343
6225.97 0.168343
6558.58 0.168344
