91.6793 0.151128 0.147824 91.6806 0.147813
97.9244 0.152436 0.149102 97.9257 0.149091
104.591 0.153664 0.150305 104.592 0.150293
111.707 0.154813 0.151435 111.708 0.151423
119.302 0.155886 0.152493 119.303 0.152481
127.409 0.156887 0.153483 127.41 0.15347
136.062 0.157817 0.154406 136.063 0.154392
145.297 0.15868 0.155266 145.298 0.155251
155.153 0.159479 0.156064 155.154 0.156049
165.672 0.160217 0.156804 165.673 0.156789
176.897 0.160897 0.15749 176.899 0.157474
188.877 0.161522 0.158122 188.878 0.158106
201.662 0.162097 0.158706 201.662 0.15869
215.304 0.162623 0.159243 215.305 0.159226
229.862 0.163105 0.159736 229.863 0.159719
245.397 0.163545 0.160188 245.398 0.160171
261.974 0.163945 0.160603 261.974 0.160585
279.663 0.16431 0.160982 279.663 0.160964
298.538 0.164641 0.161327 298.537 0.16131
318.678 0.164942 0.161642 318.677 0.161625
340.167 0.165214 0.161929 340.166 0.161911
363.097 0.16546 0.16219 363.095 0.162172
387.563 0.165682 0.162426 387.561 0.162408
413.668 0.165883 0.162641 413.665 0.162623
441.521 0.166063 0.162835 441.518 0.162817
471.24 0.166225 0.16301 471.236 0.162992
502.948 0.166371 0.163169 502.943 0.163151
536.78 0.166502 0.163312 536.774 0.163294
572.876 0.166619 0.163441 572.869 0.163423
611.388 0.166725 0.163557 611.38 0.163539
652.479 0.166818 0.163661 652.469 0.163644
696.319 0.166902 0.163755 696.308 0.163738
743.092 0.166977 0.163839 743.08 0.163822
792.996 0.167044 0.163914 792.982 0.163898
846.239 0.167104 0.163982 846.223 0.163966
903.044 0.167157 0.164042 903.025 0.164027
963.648 0.167204 0.164096 963.628 0.164081
1028.31 0.167246 0.164145 1028.28 0.16413
1097.29 0.167283 0.164188 1097.26 0.164174
1170.89 0.167316 0.164226 1170.86 0.164214
1249.41 0.167345 0.164261 1249.38 0.164249
1333.18 0.167371 0.164291 1333.14 0.164281
1422.56 0.167394 0.164318 1422.51 0.16431
1517.91 0.167415 0.164343 1517.86 0.164335
1619.63 0.167433 0.164364 1619.58 0.164359
1728.16 0.167449 0.164383 1728.1 0.16438
1843.94 0.167463 0.1644 1843.87 0.1644
1967.47 0.167475 0.164415 1967.39 0.164417
2099.25 0.167486 0.164428 2099.16 0.164434
2239.84 0.167496 0.16444 2239.74 0.16445
2389.83 0.167505 0.16445 2389.71 0.164464
2549.84 0.167512 0.164459 2549.71 0.164479
2720.55 0.167519 0.164468 2720.4 0.164493
2902.67 0.167525 0.164475 2902.5 0.164506
3096.96 0.16753 0.164481 3096.76 0.164521
3304.23 0.167534 0.164486 3304 0.164535
3525.35 0.167538 0.164491 3525.09 0.164551
3761.25 0.167542 0.164495 3760.94 0.164568
4012.91 0.167545 0.164499 4012.54 0.164587
4281.39 0.167548 0.164502 4280.94 0.164609
4567.8 0.16755 0.164504 4567.26 0.164634
