100 0.157665 0.153251 0.151564 0.1537 0.155893
158.489 0.164048 0.159961 0.159709 0.161712 0.16378
251.189 0.167695 0.16386 0.164859 0.166781 0.168771
398.107 0.169554 0.165889 0.168052 0.16994 0.171895
630.957 0.170371 0.166812 0.170121 0.172007 0.173957
1000 0.17063 0.167138 0.171609 0.173509 0.17547
1584.89 0.170609 0.167161 0.172818 0.17474 0.176718
2511.89 0.170454 0.167041 0.173904 0.175849 0.177847
3981.07 0.170237 0.166851 0.17494 0.176908 0.178926
6309.57 0.169991 0.166633 0.175959 0.177949 0.179987
10000 0.169737 0.166399 0.176999 0.178986 0.181042
