1.11548 0.0165612
1.51626 0.0208435
2.06096 0.0260653
2.80117 0.0323542
3.80687 0.0398155
5.17287 0.0485083
7.02736 0.0584156
9.54326 0.0694123
12.953 0.0812397
17.5676 0.0935017
23.8012 0.105695
32.2021 0.117278
43.4928 0.127767
58.6211 0.136821
78.8273 0.144284
105.732 0.15018
141.455 0.154659
188.763 0.157943
251.276 0.160274
333.722 0.161879
442.271 0.162954
584.968 0.163656
772.274 0.164104
1017.78 0.164385
1339.07 0.164558
1758.9 0.164663
2306.57 0.164726
3019.73 0.164764
3946.56 0.164786
5148.55 0.164799
6703.74 0.164807
