1.11987 0.0157989
1.52222 0.019911
2.06906 0.024943
2.81216 0.0310306
3.82178 0.0382948
5.19307 0.0468206
7.05468 0.056629
9.58008 0.0676439
13.0024 0.0796616
17.6333 0.0923326
23.8877 0.105172
32.3142 0.117608
43.6347 0.129068
58.7948 0.139083
79.0299 0.14737
105.951 0.153864
141.66 0.158695
188.896 0.162119
251.234 0.164444
333.333 0.165962
441.257 0.166921
582.891 0.16751
768.46 0.167864
1011.2 0.168072
1328.2 0.168192
1741.44 0.168261
2279.13 0.1683
2977.35 0.168321
3882.01 0.168334
5051.3 0.16834
6558.58 0.168344
