1 0.00234172 0.000102209 3.3761e-06 1.49033e-07
1.06333 0.00167898 8.52798e-05 2.42534e-06 1.24388e-07
1.13066 0.00121349 7.10786e-05 1.75587e-06 1.03705e-07
1.20226 0.000883596 5.9185e-05 1.28038e-06 8.63762e-08
1.2784 0.000647851 4.92388e-05 9.3995e-07 7.18793e-08
1.35936 0.000478084 4.09328e-05 6.94393e-07 5.97686e-08
1.44544 0.00035495 3.40052e-05 5.16035e-07 4.96645e-08
1.53697 0.00026504 2.82341e-05 3.8564e-07 3.68255e-08
1.63431 0.000198976 2.34316e-05 2.89725e-07 3.05677e-08
1.7378 0.000150147 1.94389e-05 2.18765e-07 2.53636e-08
1.84785 0.000113855 1.61223e-05 1.65979e-07 2.10398e-08
1.96487 8.67379e-05 1.33693e-05 1.26511e-07 1.74499e-08
2.0893 6.63756e-05 1.10858e-05 9.68536e-08 1.44716e-08
2.2216 5.10123e-05 9.19266e-06 7.44646e-08 1.20019e-08
2.36229 3.93679e-05 7.62385e-06 5.74865e-08 9.9549e-09
2.51189 3.05037e-05 6.32428e-06 4.45562e-08 3.30728e-10
2.67096 2.37277e-05 5.248e-06 3.09536e-08 1.98869e-10
2.8401 1.85271e-05 4.35679e-06 2.4175e-08 1.44952e-10
3.01995 1.452e-05 3.61886e-06 1.89505e-08 1.1325e-10
3.21119 1.1421e-05 3.00783e-06 1.49088e-08 9.17537e-11
3.41455 9.01551e-06 2.50181e-06 1.17707e-08 7.60259e-11
3.63078 7.14169e-06 2.08266e-06 9.4112e-10 6.39681e-11
3.86071 5.67697e-06 1.73535e-06 2.36842e-10 5.44298e-11
4.10519 4.52816e-06 1.44746e-06 1.53628e-10 4.67142e-11
4.36516 3.62414e-06 1.20869e-06 1.13451e-10 4.03687e-11
4.64159 2.91042e-06 1.01056e-06 8.86038e-11 3.50831e-11
4.93552 2.34515e-06 8.46027e-07 7.1434e-11 3.06357e-11
5.24807 1.89603e-06 7.09299e-07 5.88027e-11 2.6863e-11
5.58042 1.53808e-06 5.95578e-07 4.91308e-11 2.36409e-11
5.93381 1.25192e-06 5.00906e-07 4.15174e-11 2.08735e-11
6.30957 1.02245e-06 4.22011e-07 3.54019e-11 1.84852e-11
6.70914 8.37872e-07 3.56193e-07 3.04131e-11 1.64153e-11
7.134 6.88963e-07 3.01219e-07 2.62934e-11 1.4615e-11
7.58578 5.68468e-07 2.55245e-07 2.28576e-11 1.30441e-11
8.06616 4.70673e-07 2.16747e-07 1.99685e-11 1.16693e-11
8.57696 3.91064e-07 1.84464e-07 1.75221e-11 1.0463e-11
9.12011 3.26067e-07 1.57353e-07 1.54381e-11 9.40207e-12
9.69765 2.72842e-07 1.3455e-07 1.36535e-11 8.46691e-12
10.3118 2.29127e-07 1.15338e-07 1.21182e-11 7.64095e-12
10.9648 1.93116e-07 9.91266e-08 1.07918e-11 6.91004e-12
11.6591 1.63362e-07 8.54219e-08 9.64158e-12 6.2621e-12
12.3975 1.38707e-07 7.38156e-08 8.64075e-12 5.68673e-12
13.1826 1.18214e-07 6.39683e-08 7.76714e-12 5.17498e-12
14.0174 1.01131e-07 5.55973e-08 7.00234e-12 4.71913e-12
14.905 8.68479e-08 4.84673e-08 6.33099e-12 4.31248e-12
15.8489 7.48703e-08 4.2382e-08 5.74017e-12 3.94919e-12
16.8526 6.47962e-08 3.71778e-08 5.21896e-12 3.6242e-12
17.9198 5.62978e-08 3.27178e-08 4.75812e-12 3.33309e-12
19.0546 4.91077e-08 2.88873e-08 4.34978e-12 3.072e-12
20.2613 4.30063e-08 2.28487e-08 3.98723e-12 2.83754e-12
21.5443 3.78138e-08 2.03098e-08 3.66471e-12 2.62674e-12
22.9087 3.33818e-08 1.8115e-08 3.37726e-12 2.43699e-12
24.3594 2.95879e-08 1.62135e-08 3.12061e-12 2.266e-12
25.902 2.35099e-08 1.45626e-08 2.89108e-12 2.11174e-12
27.5423 2.10065e-08 1.31259e-08 2.68546e-12 1.97242e-12
29.2864 1.88453e-08 1.1873e-08 2.50098e-12 1.84648e-12
31.1411 1.69744e-08 1.0778e-08 2.33523e-12 1.71731e-12
33.1131 1.53504e-08 9.81883e-09 2.18608e-12 1.60875e-12
35.2101 1.3937e-08 8.97689e-09 2.0517e-12 1.51228e-12
37.4398 1.26419e-08 8.27313e-09 1.92429e-12 1.43004e-12
39.8107 1.16245e-08 7.58344e-09 1.81652e-12 1.34762e-12
42.3318 1.06782e-08 7.00681e-09 1.70601e-12 1.27705e-12
45.0125 9.84632e-09 6.49645e-09 1.61187e-12 1.21313e-12
47.863 9.11325e-09 3.93736e-10 1.52802e-12 1.15514e-12
50.894 8.46582e-09 2.45044e-10 1.45273e-12 1.10248e-12
54.117 7.89278e-09 1.90437e-10 1.38484e-12 1.0546e-12
57.544 7.38454e-09 1.59693e-10 1.32346e-12 1.01102e-12
61.1881 6.93287e-09 1.39322e-10 1.26788e-12 9.71342e-13
65.0629 6.5307e-09 1.24592e-10 1.21746e-12 9.35178e-13
69.1831 5.31299e-10 1.13348e-10 1.17169e-12 9.02202e-13
73.5642 3.00119e-10 1.04443e-10 1.13007e-12 8.72117e-13
78.2228 2.30344e-10 9.72012e-11 1.09222e-12 8.44659e-13
83.1764 1.93184e-10 9.11944e-11 1.05777e-12 8.19589e-13
88.4437 1.69261e-10 8.61352e-11 1.02638e-12 7.96695e-13
94.0445 1.5228e-10 8.18224e-11 9.97781e-13 7.75784e-13
100 1.39487e-10 7.811e-11 9.7171e-13 7.56681e-13
106.333 1.29459e-10 7.4889e-11 9.47936e-13 7.39229e-13
113.066 1.21371e-10 7.2076e-11 9.26253e-13 7.23286e-13
120.226 1.14709e-10 6.9606e-11 9.06475e-13 7.08722e-13
127.84 1.09132e-10 6.74273e-11 8.88431e-13 6.9542e-13
135.936 1.04403e-10 6.54982e-11 8.71971e-13 6.83272e-13
144.544 1.00351e-10 6.37845e-11 8.56957e-13 6.72182e-13
153.697 9.68523e-11 6.22581e-11 8.43261e-13 6.62059e-13
163.431 9.38091e-11 6.08955e-11 8.30772e-13 6.52824e-13
173.78 9.11475e-11 5.96767e-11 8.19385e-13 6.44401e-13
184.785 8.88086e-11 5.85847e-11 8.09005e-13 6.36722e-13
196.487 8.6745e-11 5.76052e-11 7.99546e-13 6.29726e-13
208.93 8.49183e-11 5.67256e-11 7.90929e-13 6.23354e-13
222.16 8.32966e-11 5.5935e-11 7.83083e-13 6.17554e-13
236.229 8.18536e-11 5.52239e-11 7.7594e-13 6.12278e-13
251.189 8.05668e-11 5.45841e-11 7.69441e-13 6.07482e-13
267.096 7.94175e-11 5.40081e-11 7.6353e-13 6.03125e-13
284.01 7.83893e-11 5.34895e-11 7.58156e-13 5.99169e-13
301.995 7.74685e-11 5.30225e-11 7.53272e-13 5.95581e-13
321.119 7.6643e-11 5.2602e-11 7.48836e-13 5.92328e-13
341.455 7.59021e-11 5.22234e-11 7.44809e-13 5.89381e-13
363.078 7.52369e-11 5.18826e-11 7.41155e-13 5.86714e-13
386.071 7.46391e-11 5.15759e-11 7.3784e-13 5.84302e-13
410.519 7.41017e-11 5.13e-11 7.34834e-13 5.82123e-13
436.516 7.36183e-11 5.10519e-11 7.32111e-13 5.80156e-13
464.159 7.31834e-11 5.08289e-11 7.29643e-13 5.78382e-13
493.552 7.2792e-11 5.06287e-11 7.27408e-13 5.76783e-13
524.807 7.24396e-11 5.04489e-11 7.25385e-13 5.75344e-13
558.042 7.21223e-11 5.02876e-11 7.23554e-13 5.74049e-13
593.381 7.18364e-11 5.01431e-11 7.21897e-13 5.72886e-13
630.957 7.15789e-11 5.00137e-11 7.20398e-13 5.71843e-13
670.914 7.13469e-11 4.98979e-11 7.19043e-13 5.70908e-13
713.4 7.11377e-11 4.97944e-11 7.17817e-13 5.7007e-13
758.578 7.09491e-11 4.9702e-11 7.16708e-13 5.69321e-13
806.616 7.0779e-11 4.96196e-11 7.15706e-13 5.68653e-13
857.696 7.06256e-11 4.95462e-11 7.14799e-13 5.68057e-13
912.011 7.0487e-11 4.94809e-11 7.13979e-13 5.67526e-13
969.765 7.03619e-11 4.94229e-11 7.13237e-13 5.67054e-13
1031.18 7.02489e-11 4.93716e-11 7.12565e-13 5.66636e-13
1096.48 7.01467e-11 4.93261e-11 7.11956e-13 5.66265e-13
1165.91 7.00542e-11 4.9286e-11 7.11405e-13 5.65938e-13
1239.75 6.99704e-11 4.92506e-11 7.10905e-13 5.65649e-13
1318.26 6.98945e-11 4.92196e-11 7.10451e-13 5.65396e-13
1401.74 6.98256e-11 4.91924e-11 7.10039e-13 5.65174e-13
1490.5 6.9763e-11 4.91686e-11 7.09664e-13 5.6498e-13
1584.89 6.9706e-11 4.9148e-11 7.09322e-13 5.64811e-13
1685.26 6.96541e-11 4.91302e-11 7.09011e-13 5.64665e-13
1791.98 6.96067e-11 4.91148e-11 7.08726e-13 5.6454e-13
1905.46 6.95634e-11 4.91017e-11 7.08466e-13 5.64432e-13
2026.13 6.95236e-11 4.90906e-11 7.08227e-13 5.64341e-13
2154.43 6.94872e-11 4.90813e-11 7.08008e-13 5.64265e-13
2290.87 6.94536e-11 4.90735e-11 7.07806e-13 5.64202e-13
2435.94 6.94226e-11 4.90672e-11 7.07619e-13 5.6415e-13
2590.2 6.9394e-11 4.90622e-11 7.07447e-13 5.64109e-13
2754.23 6.93674e-11 4.90583e-11 7.07286e-13 5.64077e-13
2928.64 6.93427e-11 4.90554e-11 7.07137e-13 5.64054e-13
3114.11 6.93196e-11 4.90535e-11 7.06998e-13 5.64037e-13
3311.31 6.9298e-11 4.90523e-11 7.06868e-13 5.64028e-13
3521.01 6.92777e-11 4.90519e-11 7.06745e-13 5.64024e-13
3743.98 6.92586e-11 4.90521e-11 7.0663e-13 5.64026e-13
3981.07 6.92405e-11 4.90528e-11 7.06521e-13 5.64032e-13
4233.18 6.92234e-11 4.90541e-11 7.06417e-13 5.64043e-13
4501.25 6.92071e-11 4.90559e-11 7.06319e-13 5.64057e-13
4786.3 6.91915e-11 4.9058e-11 7.06225e-13 5.64075e-13
5089.4 6.91767e-11 4.90605e-11 7.06135e-13 5.64095e-13
5411.7 6.91624e-11 4.90633e-11 7.06049e-13 5.64118e-13
5754.4 6.91486e-11 4.90664e-11 7.05966e-13 5.64143e-13
6118.81 6.91354e-11 4.90697e-11 7.05885e-13 5.64171e-13
6506.29 6.91225e-11 4.90733e-11 7.05807e-13 5.642e-13
6918.31 6.911e-11 4.90771e-11 7.05732e-13 5.64231e-13
7356.42 6.90979e-11 4.9081e-11 7.05658e-13 5.64263e-13
7822.28 6.9086e-11 4.90851e-11 7.05587e-13 5.64296e-13
8317.64 6.90745e-11 4.90893e-11 7.05517e-13 5.64331e-13
8844.37 6.90631e-11 4.90937e-11 7.05448e-13 5.64367e-13
9404.45 6.9052e-11 4.90981e-11 7.05381e-13 5.64403e-13
10000 6.90411e-11 4.91027e-11 7.05315e-13 5.6444e-13
