1 0.00609564 0.00034275
1.58489 0.000634514 8.44004e-05
2.51189 8.70856e-05 2.04389e-05
3.98107 1.47356e-05 5.06896e-06
6.30957 3.00536e-06 1.3407e-06
10 7.39516e-07 3.93857e-07
15.8489 2.22474e-07 1.33639e-07
25.1189 7.42167e-08 4.83336e-08
39.8107 3.46992e-08 2.38307e-08
63.0957 2.01034e-08 4.33702e-10
100 4.16094e-10 2.47965e-10
158.489 2.85096e-10 1.93683e-10
251.189 2.41401e-10 1.71106e-10
398.107 2.23038e-10 1.60918e-10
630.957 2.14882e-10 1.5628e-10
1000 2.11238e-10 1.5421e-10
1584.89 2.09621e-10 1.53316e-10
2511.89 2.08902e-10 1.52948e-10
3981.07 2.08572e-10 1.52809e-10
6309.57 2.08408e-10 1.52767e-10
10000 2.08313e-10 1.52766e-10
