1 0.0110251 0.0205752 0.0441005 0.0823008
1.58489 0.0175085 0.0271019 0.0700341 0.108408
2.51189 0.0261944 0.0358719 0.104778 0.143487
3.98107 0.0374953 0.0473052 0.149981 0.189221
6.30957 0.0516363 0.0616309 0.206545 0.246523
10 0.0684375 0.0786659 0.27375 0.314664
15.8489 0.0870918 0.0975883 0.348367 0.390353
25.1189 0.1061 0.116872 0.424401 0.467489
39.8107 0.123569 0.134589 0.494275 0.538355
63.0957 0.137857 0.149069 0.551429 0.596277
100 0.148209 0.159543 0.592838 0.63817
158.489 0.154883 0.166271 0.619531 0.665084
251.189 0.15876 0.170153 0.63504 0.680614
398.107 0.160828 0.172194 0.643312 0.688778
630.957 0.161863 0.173184 0.647451 0.692737
1000 0.162361 0.173629 0.649445 0.694516
1584.89 0.162601 0.17381 0.650403 0.695242
2511.89 0.162721 0.173872 0.650886 0.695487
3981.07 0.16279 0.17388 0.651159 0.695522
6309.57 0.162835 0.173867 0.651342 0.695467
10000 0.162871 0.173844 0.651486 0.695375
