1 0.0113406 0.0201228
1.09648 0.0124774 0.0212667
1.20226 0.0136876 0.0224848
1.31826 0.014975 0.0237808
1.44544 0.0163433 0.0251582
1.58489 0.0177961 0.026621
1.7378 0.0193371 0.0281727
1.90546 0.02097 0.0298172
2.0893 0.0226984 0.0315579
2.29087 0.0245257 0.0333984
2.51189 0.0264552 0.035342
2.75423 0.0284899 0.0373917
3.01995 0.0306325 0.0395504
3.31131 0.0328856 0.0418204
3.63078 0.0352512 0.0442038
3.98107 0.0377307 0.0467022
4.36516 0.0403251 0.0493166
4.7863 0.0430348 0.0520472
5.24807 0.0458594 0.0548937
5.7544 0.0487977 0.0578549
6.30957 0.0518476 0.0609286
6.91831 0.055006 0.0641118
7.58578 0.0582688 0.0674003
8.31764 0.0616309 0.070789
9.12011 0.0650858 0.0742713
10 0.0686261 0.0778397
10.9648 0.0722429 0.0814853
12.0226 0.0759262 0.085198
13.1826 0.079665 0.0889666
14.4544 0.0834469 0.0927788
15.8489 0.0872586 0.096621
17.378 0.091086 0.100479
19.0546 0.094914 0.104338
20.893 0.0987273 0.108181
22.9087 0.10251 0.111994
25.1189 0.106246 0.11576
27.5423 0.109919 0.119463
30.1995 0.113515 0.123087
33.1131 0.117018 0.126618
36.3078 0.120415 0.130042
39.8107 0.123693 0.133346
43.6516 0.12684 0.136518
47.863 0.129848 0.139549
52.4807 0.132707 0.142431
57.544 0.135413 0.145157
63.0957 0.13796 0.147723
69.1831 0.140345 0.150127
75.8578 0.14257 0.152368
83.1764 0.144633 0.154447
91.2011 0.146538 0.156366
100 0.148289 0.158129
109.648 0.14989 0.159742
120.226 0.151349 0.16121
131.826 0.152671 0.162542
144.544 0.153865 0.163743
158.489 0.154938 0.164823
173.78 0.1559 0.165791
190.546 0.156757 0.166653
208.93 0.15752 0.167419
229.087 0.158195 0.168098
251.189 0.158791 0.168697
275.423 0.159316 0.169223
301.995 0.159776 0.169685
331.131 0.160178 0.170088
363.078 0.160529 0.170439
398.107 0.160834 0.170745
436.516 0.161099 0.171009
478.63 0.161328 0.171238
524.807 0.161527 0.171435
575.44 0.161697 0.171605
630.957 0.161844 0.17175
691.831 0.16197 0.171875
758.578 0.162079 0.171982
831.764 0.162171 0.172072
912.011 0.162251 0.17215
1000 0.162318 0.172215
1096.48 0.162376 0.172271
1202.26 0.162425 0.172318
1318.26 0.162467 0.172358
1445.44 0.162503 0.172391
1584.89 0.162533 0.17242
1737.8 0.162559 0.172443
1905.46 0.162581 0.172463
2089.3 0.1626 0.172479
2290.87 0.162616 0.172493
2511.89 0.16263 0.172504
2754.23 0.162642 0.172513
3019.95 0.162652 0.172521
3311.31 0.162661 0.172527
3630.78 0.162668 0.172532
3981.07 0.162674 0.172536
4365.16 0.16268 0.172539
4786.3 0.162685 0.172542
5248.07 0.162689 0.172544
5754.4 0.162693 0.172545
6309.57 0.162697 0.172546
6918.31 0.1627 0.172546
7585.78 0.162703 0.172547
8317.64 0.162705 0.172547
9120.11 0.162707 0.172546
10000 0.16271 0.172546
