100 0.156234 0.153468 0.152448 0.152172
141.254 0.16176 0.158666 0.157496 0.157168
199.526 0.165449 0.16211 0.160827 0.16046
281.838 0.167748 0.16424 0.162878 0.162484
398.107 0.169079 0.165462 0.16405 0.163638
562.341 0.169782 0.166098 0.164655 0.164232
794.328 0.170097 0.166376 0.164914 0.164485
1122.02 0.170186 0.166443 0.164971 0.164538
1584.89 0.170145 0.166392 0.164914 0.16448
2238.72 0.170034 0.166277 0.164796 0.16436
3162.28 0.169884 0.166126 0.164644 0.164207
4466.84 0.169716 0.165958 0.164475 0.164038
6309.57 0.169537 0.165781 0.164298 0.163861
8912.51 0.169354 0.1656 0.164117 0.163679
12589.3 0.169169 0.165417 0.163935 0.163497
17782.8 0.168984 0.165234 0.163752 0.163314
25118.9 0.168798 0.165051 0.163569 0.163131
35481.3 0.168614 0.164869 0.163387 0.162949
50118.7 0.16843 0.164688 0.163206 0.162768
70794.6 0.168247 0.164507 0.163026 0.162588
100000 0.168065 0.164328 0.162847 0.162409
