2500 -0.0581748 -0.0739127 0 -2.27401 2.4057
3615.31 0.00443658 0.0021925 -0.207989 0 0
5228.2 0.0116021 0.011444 -0.010706 -0.0516977 -0.141228
7560.63 0.00958244 0.00971143 0.00960768 0.00646124 -9.42773e-05
10933.6 0.00676553 0.00688686 0.00880253 0.00932652 0.00947887
15811.4 0.0045685 0.00464946 0.00609067 0.00669583 0.00721511
22865.3 0.00304193 0.00309167 0.00398368 0.00436793 0.00470942
33066 0.00201592 0.00204583 0.00257463 0.00279785 0.00299408
47817.6 0.00133085 0.00134893 0.00166155 0.00178979 0.00190078
69150.3 0.000870877 0.000882106 0.00107004 0.00114483 0.0012083
100000 0.000556458 0.000563716 0.00068023 0.000726007 0.000764146
