100 104.222 99.6231 97.8554 100.092 102.378
112.202 116.7 111.564 110.002 112.508 115.07
125.893 130.658 124.924 123.64 126.449 129.318
141.254 146.27 139.868 138.951 142.098 145.313
158.489 163.732 156.585 156.14 159.665 163.267
177.828 183.262 175.284 175.434 179.384 183.418
199.526 205.103 196.199 197.092 201.515 206.035
223.872 229.528 219.591 221.399 226.354 231.416
251.189 256.842 245.752 248.68 254.23 259.899
281.838 287.385 275.01 279.296 285.512 291.861
316.228 321.54 307.732 313.654 320.616 327.727
354.813 359.732 344.325 352.211 360.008 367.971
398.107 402.438 385.249 395.477 404.209 413.127
446.684 450.191 431.015 444.028 453.807 463.794
501.187 503.588 482.196 498.508 509.459 520.643
562.341 563.297 539.434 559.639 571.903 584.427
630.957 630.062 603.444 628.233 641.967 655.991
707.946 704.72 675.029 705.2 720.58 736.285
794.328 788.202 755.086 791.562 808.785 826.371
891.251 881.553 844.618 888.465 907.751 927.444
1000 985.941 944.748 997.194 1018.79 1040.84
1122.02 1102.67 1056.73 1119.19 1143.38 1168.07
1258.93 1233.21 1181.97 1256.08 1283.16 1310.81
1412.54 1379.18 1322.05 1409.67 1440 1470.96
1584.89 1542.42 1478.71 1582 1615.96 1650.63
1778.28 1724.97 1653.93 1775.36 1813.39 1852.22
1995.26 1929.12 1849.91 1992.32 2034.91 2078.38
2238.72 2157.43 2069.1 2235.75 2283.44 2332.12
2511.89 2412.75 2314.28 2508.88 2562.29 2616.8
2818.38 2698.3 2588.51 2815.34 2875.15 2936.19
3162.28 3017.66 2895.25 3159.2 3226.17 3294.53
3548.13 3374.82 3238.35 3545.01 3620.01 3696.56
3981.07 3774.28 3622.15 3977.9 4061.89 4147.61
4466.84 4221.06 4051.46 4463.61 4557.67 4653.65
5011.87 4720.75 4531.7 5008.59 5113.92 5221.4
5623.41 5279.65 5068.92 5620.06 5738.01 5858.37
6309.57 5904.77 5669.88 6306.14 6438.23 6573.01
7079.46 6603.98 6342.17 7075.94 7223.86 7374.79
7943.28 7386.06 7094.26 7939.67 8105.32 8274.34
8912.51 8260.86 7935.64 8908.78 9094.29 9283.56
10000 9239.38 8876.93 9996.15 10203.9 10415.8
