100 93.0155 100.243 105.623 108.013
141.254 130.634 140.677 148.167 151.498
199.526 183.323 197.266 207.685 212.323
281.838 257.091 276.433 290.916 297.371
398.107 360.351 387.163 407.285 416.262
562.341 504.88 542.026 569.97 582.451
794.328 707.178 758.618 797.407 814.753
1122.02 990.362 1061.56 1115.39 1139.49
1584.89 1386.83 1485.34 1560.01 1593.48
2238.72 1941.97 2078.23 2181.78 2228.25
3162.28 2719.44 2907.82 3051.37 3115.89
4466.84 3808.46 4068.8 4267.76 4357.29
6309.57 5334.17 5693.81 5969.46 6093.69
8912.51 7472.07 7968.68 8350.47 8522.77
12589.3 10468.4 11153.8 11682.4 11921.4
17782.8 14668.6 15614.2 16345.9 16677.1
25118.9 20557.5 21861.5 22873.8 23332.8
35481.3 28815.7 30612.9 32013.1 32649
50118.7 40398.7 42874.5 44810.4 45691
70794.6 56648.3 60056.9 62732.5 63951.7
100000 79449.1 84139.4 87835.7 89523
