100 104.09 99.6428 97.8452 100.111 102.344
158.489 163.603 156.575 156.12 159.665 163.16
251.189 256.727 245.611 248.626 254.18 259.658
398.107 402.321 384.724 395.351 404.064 412.657
630.957 629.823 601.949 627.973 641.65 655.143
1000 985.2 941.026 996.703 1018.19 1039.38
1584.89 1540.21 1470.19 1581.13 1614.89 1648.2
2511.89 2406.86 2295.83 2507.4 2560.46 2612.84
3981.07 3759.95 3583.89 3975.43 4058.87 4141.22
6309.57 5872.24 5593.04 6302.13 6433.33 6562.84
10000 9169.28 8726.51 9989.69 10196 10399.7
