100 104.243 99.7968 97.9997 100.265 102.498
112.202 116.722 111.737 110.147 112.68 115.177
125.893 130.681 125.093 123.785 126.618 129.411
141.254 146.296 140.03 139.095 142.264 145.387
158.489 163.762 156.735 156.28 159.825 163.319
177.828 183.296 175.416 175.57 179.536 183.445
199.526 205.142 196.305 197.221 201.657 206.031
223.872 229.572 219.662 221.519 226.483 231.378
251.189 256.89 245.776 248.789 254.344 259.821
281.838 287.438 274.971 279.392 285.608 291.737
316.228 321.595 307.611 313.735 320.69 327.55
354.813 359.785 344.099 352.272 360.056 367.734
398.107 402.486 384.89 395.516 404.228 412.821
446.684 450.226 430.487 444.04 453.792 463.41
501.187 503.602 481.457 498.489 509.404 520.171
562.341 563.275 538.431 559.585 571.803 583.855
630.957 629.988 602.115 628.138 641.815 655.308
707.946 704.571 673.299 705.059 720.37 735.474
794.328 787.951 752.863 791.367 808.508 825.418
891.251 881.163 841.795 888.209 907.398 926.33
1000 985.365 941.193 996.868 1018.35 1039.55
1122.02 1101.85 1052.29 1118.79 1142.84 1166.57
1258.93 1232.08 1176.46 1255.58 1282.51 1309.09
1412.54 1377.65 1315.24 1409.07 1439.23 1468.98
1584.89 1540.38 1470.35 1581.29 1615.05 1648.37
1778.28 1722.28 1643.71 1774.53 1812.33 1849.63
1995.26 1925.63 1837.46 1991.34 2033.67 2075.43
2238.72 2152.94 2054 2234.61 2282 2328.77
2511.89 2407.03 2296 2507.56 2560.63 2613
2818.38 2691.05 2566.46 2813.82 2873.24 2931.89
3162.28 3008.54 2868.73 3157.44 3223.98 3289.65
3548.13 3363.43 3206.54 3543 3617.51 3691.05
3981.07 3760.12 3584.06 3975.6 4059.03 4141.39
4466.84 4203.53 4005.96 4460.99 4554.42 4646.64
5011.87 4699.16 4477.46 5005.6 5110.22 5213.49
5623.41 5253.17 5004.37 5616.66 5733.83 5849.47
6309.57 5872.41 5593.21 6302.29 6433.49 6563
7079.46 6564.56 6251.25 7071.58 7218.5 7363.54
7943.28 7338.2 6986.61 7934.73 8099.26 8261.68
8912.51 8202.93 7808.37 8903.21 9087.46 9269.35
10000 9169.45 8726.67 9989.86 10196.2 10399.9
