100 104.388 99.7797 98.0103 100.25 102.54
158.489 163.893 156.743 156.297 159.823 163.428
251.189 256.984 245.901 248.825 254.372 260.042
398.107 402.542 385.381 395.59 404.312 413.226
630.957 630.105 603.553 628.279 641.993 656.006
1000 985.895 944.835 997.123 1018.68 1040.71
1584.89 1542.26 1478.8 1581.73 1615.63 1650.26
2511.89 2412.46 2314.43 2508.3 2561.6 2616.05
3981.07 3773.86 3622.52 3976.81 4060.64 4146.24
6309.57 5904.31 5670.8 6304.26 6436.08 6570.68
10000 9239.14 8879.06 9993.01 10200.3 10412
