100 104.09 99.6428 97.8452 100.111 102.344
112.202 116.567 111.581 109.991 112.525 115.022
125.893 130.525 124.935 123.627 126.461 129.254
141.254 146.138 139.871 138.935 142.105 145.229
158.489 163.603 156.575 156.12 159.665 163.16
177.828 183.135 175.255 175.408 179.375 183.285
199.526 204.98 196.143 197.058 201.495 205.87
223.872 229.409 219.498 221.356 226.321 231.216
251.189 256.727 245.611 248.626 254.18 259.658
281.838 287.274 274.806 279.228 285.444 291.574
316.228 321.431 307.446 313.57 320.526 327.386
354.813 359.621 343.934 352.107 359.892 367.57
398.107 402.321 384.724 395.351 404.064 412.657
446.684 450.061 430.321 443.875 453.627 463.246
501.187 503.436 481.29 498.324 509.239 520.006
562.341 563.11 538.264 559.419 571.638 583.691
630.957 629.823 601.949 627.973 641.65 655.143
707.946 704.406 673.132 704.893 720.205 735.31
794.328 787.785 752.697 791.202 808.343 825.253
891.251 880.997 841.628 888.043 907.233 926.166
1000 985.2 941.026 996.703 1018.19 1039.38
1122.02 1101.69 1052.12 1118.62 1142.68 1166.41
1258.93 1231.91 1176.29 1255.42 1282.35 1308.92
1412.54 1377.48 1315.08 1408.91 1439.06 1468.81
1584.89 1540.21 1470.19 1581.13 1614.89 1648.2
1778.28 1722.12 1643.54 1774.36 1812.16 1849.47
1995.26 1925.46 1837.29 1991.18 2033.5 2075.27
2238.72 2152.77 2053.83 2234.44 2281.84 2328.61
2511.89 2406.86 2295.83 2507.4 2560.46 2612.84
2818.38 2690.89 2566.3 2813.65 2873.08 2931.72
3162.28 3008.37 2868.56 3157.28 3223.82 3289.49
3548.13 3363.26 3206.37 3542.83 3617.34 3690.88
3981.07 3759.95 3583.89 3975.43 4058.87 4141.22
4466.84 4203.36 4005.8 4460.82 4554.25 4646.47
5011.87 4699 4477.29 5005.43 5110.06 5213.33
5623.41 5253 5004.2 5616.5 5733.66 5849.31
6309.57 5872.24 5593.04 6302.13 6433.33 6562.84
7079.46 6564.39 6251.08 7071.41 7218.34 7363.37
7943.28 7338.04 6986.44 7934.57 8099.1 8261.52
8912.51 8202.76 7808.2 8903.04 9087.3 9269.19
10000 9169.28 8726.51 9989.69 10196 10399.7
