100 104.374 99.7739 98.0061 100.243 102.53
112.202 116.853 111.717 110.155 112.661 115.223
125.893 130.813 125.078 123.794 126.603 129.473
141.254 146.427 140.025 139.108 142.255 145.47
158.489 163.89 156.743 156.298 159.823 163.425
177.828 183.421 175.443 175.594 179.543 183.578
199.526 205.263 196.359 197.252 201.676 206.195
223.872 229.689 219.752 221.56 226.515 231.577
251.189 257.004 245.914 248.841 254.392 260.061
281.838 287.548 275.173 279.458 285.675 292.024
316.228 321.703 307.895 313.817 320.779 327.89
354.813 359.895 344.489 352.374 360.171 368.135
398.107 402.602 385.413 395.641 404.373 413.292
446.684 450.356 431.18 444.192 453.972 463.959
501.187 503.753 482.361 498.672 509.624 520.808
562.341 563.462 539.599 559.804 572.068 584.592
630.957 630.228 603.609 628.398 642.132 656.157
707.946 704.885 675.195 705.366 720.746 736.45
794.328 788.368 755.251 791.728 808.951 826.537
891.251 881.719 844.784 888.631 907.917 927.61
1000 986.107 944.914 997.359 1018.96 1041.01
1122.02 1102.84 1056.9 1119.36 1143.54 1168.24
1258.93 1233.37 1182.14 1256.24 1283.33 1310.98
1412.54 1379.35 1322.21 1409.83 1440.16 1471.12
1584.89 1542.59 1478.88 1582.17 1616.13 1650.8
1778.28 1725.14 1654.1 1775.53 1813.56 1852.38
1995.26 1929.29 1850.07 1992.48 2035.07 2078.55
2238.72 2157.59 2069.27 2235.91 2283.61 2332.29
2511.89 2412.92 2314.44 2509.05 2562.46 2616.97
2818.38 2698.47 2588.67 2815.51 2875.32 2936.36
3162.28 3017.82 2895.41 3159.37 3226.34 3294.7
3548.13 3374.99 3238.52 3545.18 3620.18 3696.73
3981.07 3774.45 3622.32 3978.07 4062.06 4147.77
4466.84 4221.22 4051.63 4463.78 4557.83 4653.82
5011.87 4720.92 4531.87 5008.76 5114.08 5221.57
5623.41 5279.82 5069.08 5620.23 5738.18 5858.54
6309.57 5904.94 5670.05 6306.31 6438.4 6573.18
7079.46 6604.15 6342.33 7076.11 7224.03 7374.96
7943.28 7386.23 7094.42 7939.84 8105.49 8274.5
8912.51 8261.03 7935.8 8908.95 9094.46 9283.73
10000 9239.55 8877.09 9996.32 10204.1 10416
