100 92.8652 100.092 105.471 107.861
141.254 130.477 140.521 148.01 151.341
199.526 183.162 197.107 207.525 212.163
281.838 256.928 276.271 290.754 297.209
398.107 360.185 386.999 407.121 416.098
562.341 504.713 541.862 569.805 582.286
794.328 707.011 758.452 797.242 814.588
1122.02 990.195 1061.4 1115.23 1139.32
1584.89 1386.66 1485.18 1559.85 1593.32
2238.72 1941.8 2078.06 2181.61 2228.09
3162.28 2719.27 2907.65 3051.21 3115.73
4466.84 3808.29 4068.64 4267.59 4357.13
6309.57 5334 5693.64 5969.3 6093.52
8912.51 7471.9 7968.51 8350.3 8522.6
12589.3 10468.2 11153.6 11682.3 11921.2
17782.8 14668.4 15614 16345.7 16676.9
25118.9 20557.3 21861.3 22873.6 23332.6
35481.3 28815.5 30612.7 32012.9 32648.8
50118.7 40398.5 42874.3 44810.2 45690.8
70794.6 56648.1 60056.8 62732.3 63951.5
100000 79448.9 84139.2 87835.5 89522.9
