100 104.23 99.6264 97.8587 100.096 102.384
158.489 163.729 156.583 156.138 159.661 163.264
251.189 256.816 245.737 248.66 254.205 259.873
398.107 402.372 385.215 395.422 404.142 413.054
630.957 629.935 603.386 628.109 641.821 655.832
1000 985.725 944.668 996.951 1018.51 1040.54
1584.89 1542.09 1478.63 1581.56 1615.46 1650.09
2511.89 2412.29 2314.26 2508.12 2561.43 2615.87
3981.07 3773.69 3622.36 3976.64 4060.46 4146.06
6309.57 5904.14 5670.64 6304.08 6435.9 6570.5
10000 9238.97 8878.9 9992.83 10200.2 10411.8
