100 92.6063 100.265 105.4 107.559
141.254 129.902 140.69 147.927 150.971
199.526 182.031 197.236 207.441 211.735
281.838 254.84 276.284 290.683 296.742
398.107 356.485 386.742 407.066 415.62
562.341 498.338 541.046 569.743 581.823
794.328 696.255 756.557 797.087 814.15
1122.02 972.342 1057.51 1114.76 1138.87
1584.89 1357.42 1477.72 1558.61 1592.67
2238.72 1894.46 2064.41 2178.7 2226.84
3162.28 2643.32 2883.45 3044.95 3112.98
4466.84 3687.47 4026.76 4254.99 4351.12
6309.57 5143.18 5622.59 5945.14 6081
8912.51 7172.47 7849.89 8305.71 8497.73
12589.3 10001 10958.3 11602.4 11873.8
17782.8 13943.2 15295.8 16206.2 16589.8
25118.9 19436.9 21348.2 22634.8 23176.9
35481.3 27091.7 29792.6 31610.8 32376.9
50118.7 37756.8 41573.2 44142.7 45225.4
70794.6 52614 58006.7 61637.8 63167.9
100000 73308.6 80928.5 86059.8 88222.3
