100 104.243 99.7964 97.9993 100.265 102.497
158.489 163.762 156.735 156.28 159.825 163.319
251.189 256.89 245.775 248.789 254.343 259.82
398.107 402.485 384.889 395.515 404.228 412.821
630.957 629.988 602.115 628.138 641.815 655.307
1000 985.365 941.193 996.868 1018.35 1039.55
1584.89 1540.38 1470.35 1581.29 1615.05 1648.37
2511.89 2407.03 2296 2507.56 2560.63 2613
3981.07 3760.12 3584.06 3975.6 4059.03 4141.39
6309.57 5872.41 5593.21 6302.29 6433.49 6563
10000 9169.44 8726.67 9989.86 10196.2 10399.9
