100 0.149109 0.150738 0.149109 0.150738
125.893 0.152766 0.15384 0.152766 0.15384
158.489 0.155704 0.156319 0.155704 0.156319
173.78 0.1567 0.15716 0.1567 0.15716
190.546 0.157602 0.15792 0.157602 0.15792
208.929 0.158415 0.158618 0.158415 0.158607
229.086 0.159145 0.15927 0.159145 0.159226
251.188 0.159798 0.159872 0.159798 0.159781
275.423 0.160277 0.160421 0.16038 0.160277
301.995 0.160721 0.160919 0.160898 0.160721
331.131 0.161115 0.161365 0.161356 0.161115
363.078 0.161465 0.161762 0.161759 0.161465
398.107 0.161775 0.162114 0.162114 0.161775
501.187 0.162401 0.162821 0.162821 0.162401
630.957 0.162845 0.16331 0.16331 0.162845
794.328 0.163155 0.163638 0.163638 0.163155
1000 0.163365 0.163848 0.163848 0.163365
1258.93 0.1635 0.163971 0.163971 0.1635
1584.89 0.16358 0.164033 0.164033 0.16358
1995.26 0.163621 0.164049 0.164049 0.163621
2511.89 0.163631 0.164033 0.164033 0.163631
3162.28 0.16362 0.163993 0.163993 0.16362
3981.07 0.163592 0.163936 0.163936 0.163592
5011.87 0.163551 0.163866 0.163866 0.163551
6309.57 0.163501 0.163786 0.163786 0.163501
7943.28 0.163441 0.163699 0.163699 0.163441
10000 0.163375 0.163605 0.163605 0.163375
