1 0.0156582 0.0159421 0.0156209 0.0175364
1.35936 0.0197337 0.0200915 0.019679 0.0220504
1.84785 0.0247209 0.0251691 0.0246365 0.0275454
2.51189 0.0307543 0.0313119 0.03062 0.0341496
3.41455 0.0379538 0.038642 0.0377375 0.0419653
4.64159 0.0464038 0.0472451 0.0460562 0.0510431
6.30957 0.0561248 0.0571424 0.0555739 0.0613503
8.57696 0.0670416 0.0682571 0.0661882 0.0727375
11.6591 0.0789523 0.0803837 0.0776702 0.084915
15.8489 0.0915105 0.0931696 0.0896566 0.0974519
21.5443 0.104236 0.106125 0.101674 0.109814
29.2864 0.116561 0.118674 0.113198 0.121443
39.8107 0.127919 0.130238 0.123744 0.131856
54.117 0.137845 0.140344 0.132947 0.140737
73.5642 0.146058 0.148706 0.140616 0.147969
100 0.152494 0.155258 0.146735 0.153618
135.936 0.157282 0.160133 0.151422 0.15787
184.785 0.160676 0.163589 0.15488 0.160965
251.189 0.162979 0.165934 0.157343 0.163152
341.455 0.164484 0.167466 0.159043 0.164654
464.159 0.165434 0.168434 0.160181 0.16566
630.957 0.166019 0.169029 0.160924 0.166318
857.696 0.166369 0.169385 0.161398 0.166739
1165.91 0.166575 0.169595 0.161694 0.167004
1584.89 0.166694 0.169717 0.161876 0.167168
2154.43 0.166763 0.169786 0.161986 0.167267
2928.64 0.166801 0.169825 0.162052 0.167328
3981.07 0.166823 0.169847 0.162091 0.167364
5411.7 0.166835 0.16986 0.162114 0.167385
7356.42 0.166841 0.169866 0.162128 0.167398
10000 0.166845 0.16987 0.162136 0.167405
