1 0.0156582 0.0159421 0.0626329 0.0637684 0.0157856 0.0175142 0.06411 0.0710603
1.06333 0.0164069 0.0167044 0.0656278 0.0668176 0.0165355 0.0183382 0.0671321 0.074379
1.13066 0.0171878 0.0174994 0.0687511 0.0699976 0.0173174 0.0191965 0.0702813 0.0778351
1.20226 0.0180018 0.0183282 0.0720072 0.0733127 0.0181321 0.0200903 0.0735618 0.0814327
1.2784 0.0188501 0.0191918 0.0754003 0.0767674 0.0189807 0.0210204 0.0769776 0.0851754
1.35936 0.0197337 0.0200915 0.0789349 0.0803661 0.0198643 0.0219881 0.0805328 0.089068
1.44544 0.0206539 0.0210283 0.0826154 0.0841133 0.0207839 0.0229944 0.0842316 0.0931141
1.53697 0.0216115 0.0220034 0.0864462 0.0880135 0.0217405 0.0240402 0.0880781 0.0973181
1.63431 0.0226079 0.0230178 0.0904316 0.0920712 0.0227353 0.0251267 0.0920765 0.101684
1.7378 0.023644 0.0240727 0.094576 0.0962907 0.0237692 0.0262548 0.0962306 0.106216
1.84785 0.0247209 0.0251691 0.0988837 0.100677 0.0248432 0.0274255 0.100545 0.110917
1.96487 0.0258398 0.0263082 0.103359 0.105233 0.0259584 0.0286397 0.105022 0.115791
2.0893 0.0270015 0.0274911 0.108006 0.109964 0.0271157 0.0298984 0.109667 0.120843
2.2216 0.0282072 0.0287186 0.112829 0.114874 0.0283161 0.0312025 0.114484 0.126074
2.36229 0.0294578 0.0299919 0.117831 0.119968 0.0295604 0.0325526 0.119474 0.131489
2.51189 0.0307543 0.0313119 0.123017 0.125248 0.0308495 0.0339497 0.124643 0.13709
2.67096 0.0320976 0.0326795 0.12839 0.130718 0.0321842 0.0353943 0.129993 0.14288
2.8401 0.0334884 0.0340956 0.133954 0.136382 0.0335652 0.036887 0.135527 0.148861
3.01995 0.0349276 0.0355609 0.13971 0.142243 0.0349932 0.0384284 0.141247 0.155034
3.21119 0.0364159 0.0370761 0.145664 0.148304 0.0364689 0.0400188 0.147155 0.161403
3.41455 0.0379538 0.038642 0.151815 0.154568 0.0379926 0.0416585 0.153255 0.167966
3.63078 0.039542 0.0402589 0.158168 0.161036 0.0395648 0.0433479 0.159546 0.174727
3.86071 0.0411808 0.0419275 0.164723 0.16771 0.0411859 0.0450868 0.166031 0.181683
4.10519 0.0428706 0.0436479 0.171483 0.174592 0.0428559 0.0468752 0.17271 0.188836
4.36516 0.0446116 0.0454204 0.178446 0.181682 0.0445751 0.0487129 0.179584 0.196183
4.64159 0.0464038 0.0472451 0.185615 0.18898 0.0463433 0.0505995 0.186651 0.203724
4.93552 0.0482471 0.0491218 0.192988 0.196487 0.0481602 0.0525345 0.193911 0.211456
5.24807 0.0501413 0.0510504 0.200565 0.204202 0.0500257 0.0545171 0.201363 0.219376
5.58042 0.0520861 0.0530305 0.208344 0.212122 0.0519391 0.0565463 0.209004 0.22748
5.93381 0.0540809 0.0550614 0.216323 0.220246 0.0538997 0.0586212 0.216832 0.235764
6.30957 0.0561248 0.0571424 0.224499 0.228569 0.0559068 0.0607404 0.224843 0.244224
6.70914 0.058217 0.0592725 0.232868 0.23709 0.0579591 0.0629023 0.233033 0.252851
7.134 0.0603562 0.0614505 0.241425 0.245802 0.0600556 0.0651053 0.241397 0.261641
7.58578 0.0625412 0.0636751 0.250165 0.2547 0.0621948 0.0673475 0.24993 0.270584
8.06616 0.0647703 0.0659446 0.259081 0.263778 0.0643749 0.0696266 0.258624 0.279674
8.57696 0.0670416 0.0682571 0.268167 0.273029 0.0665943 0.0719404 0.267473 0.288899
9.12011 0.0693532 0.0706106 0.277413 0.282443 0.0688508 0.0742863 0.276468 0.298251
9.69765 0.0717027 0.0730028 0.286811 0.292011 0.0711422 0.0766616 0.285601 0.307718
10.3118 0.0740877 0.0754309 0.296351 0.301724 0.0734662 0.0790633 0.294862 0.317289
10.9648 0.0765052 0.0778923 0.306021 0.311569 0.07582 0.0814884 0.304241 0.326952
11.6591 0.0789523 0.0803837 0.315809 0.321535 0.0782009 0.0839336 0.313727 0.336694
12.3975 0.0814258 0.0829021 0.325703 0.331608 0.0806061 0.0863956 0.323308 0.346501
13.1826 0.0839221 0.0854437 0.335688 0.341775 0.0830323 0.088871 0.332972 0.356361
14.0174 0.0864376 0.0880048 0.345751 0.352019 0.0854765 0.0913563 0.342707 0.366259
14.905 0.0889685 0.0905815 0.355874 0.362326 0.0879352 0.0938479 0.3525 0.376181
15.8489 0.0915105 0.0931696 0.366042 0.372679 0.0904053 0.0963424 0.362337 0.386115
16.8526 0.0940595 0.0957649 0.376238 0.383059 0.0928832 0.0988363 0.372206 0.396046
17.9198 0.0966111 0.0983627 0.386444 0.393451 0.0953657 0.101326 0.382092 0.405962
19.0546 0.0991607 0.100959 0.396643 0.403834 0.0978494 0.10381 0.391984 0.41585
20.2613 0.101704 0.103548 0.406815 0.414191 0.100331 0.106283 0.401868 0.4257
21.5443 0.104236 0.106125 0.416942 0.424501 0.102808 0.108745 0.411733 0.435502
22.9087 0.106751 0.108687 0.427005 0.434747 0.105277 0.111192 0.421568 0.44525
24.3594 0.109246 0.111227 0.436986 0.444908 0.107736 0.113624 0.431363 0.454936
25.902 0.111716 0.113742 0.446864 0.454966 0.110182 0.11604 0.441109 0.464561
27.5423 0.114156 0.116225 0.456623 0.464902 0.112614 0.118441 0.450802 0.474124
29.2864 0.116561 0.118674 0.466243 0.474696 0.115032 0.120827 0.460436 0.483632
31.1411 0.118927 0.121083 0.475707 0.484332 0.117434 0.123201 0.470012 0.493095
33.1131 0.121249 0.123448 0.484998 0.493791 0.119822 0.125569 0.479532 0.502532
35.2101 0.123525 0.125765 0.4941 0.503058 0.122198 0.127934 0.489004 0.511962
37.4398 0.125749 0.128029 0.502997 0.512117 0.124564 0.130306 0.49844 0.521422
39.8107 0.127919 0.130238 0.511676 0.520953 0.126925 0.132191 0.50786 0.528933
42.3318 0.130031 0.132388 0.520123 0.529554 0.129287 0.133197 0.517283 0.532927
45.0125 0.132082 0.134477 0.528327 0.537906 0.13166 0.134632 0.526757 0.538639
47.863 0.134069 0.1365 0.536277 0.546 0.132722 0.136118 0.530978 0.544561
50.894 0.135991 0.138457 0.543964 0.553826 0.134186 0.137596 0.536815 0.550456
54.117 0.137845 0.140344 0.55138 0.561377 0.135738 0.139045 0.543003 0.556233
57.544 0.13963 0.142161 0.558519 0.568645 0.137288 0.140452 0.549188 0.561847
61.1881 0.141344 0.143907 0.565376 0.575627 0.138809 0.141812 0.555261 0.567275
65.0629 0.142987 0.145579 0.571948 0.582318 0.140289 0.143122 0.561172 0.572504
69.1831 0.144558 0.147179 0.578233 0.588717 0.141721 0.14438 0.566892 0.577524
73.5642 0.146058 0.148706 0.58423 0.594823 0.143102 0.145584 0.572406 0.582333
78.2228 0.147485 0.150159 0.589941 0.600637 0.144428 0.146734 0.577706 0.586929
83.1764 0.148842 0.15154 0.595367 0.606161 0.145699 0.147832 0.582785 0.591313
88.4437 0.150128 0.15285 0.600511 0.611399 0.146914 0.148876 0.587641 0.595488
94.0445 0.151345 0.154089 0.605379 0.616355 0.148074 0.149869 0.592275 0.599456
100 0.152494 0.155258 0.609975 0.621034 0.149177 0.150811 0.596687 0.603221
106.333 0.153576 0.156361 0.614305 0.625443 0.150225 0.151703 0.600879 0.606789
113.066 0.154594 0.157397 0.618377 0.629589 0.15122 0.152547 0.604856 0.610165
120.226 0.15555 0.15837 0.622199 0.63348 0.152161 0.153345 0.60862 0.613354
127.84 0.156445 0.159281 0.62578 0.637125 0.15305 0.154097 0.612178 0.616364
135.936 0.157282 0.160133 0.629127 0.640533 0.153889 0.154806 0.615535 0.619199
144.544 0.158063 0.160928 0.63225 0.643713 0.15468 0.155472 0.618696 0.621867
153.697 0.15879 0.161669 0.63516 0.646676 0.155422 0.156099 0.621668 0.624373
163.431 0.159466 0.162358 0.637865 0.64943 0.15612 0.156687 0.624458 0.626726
173.78 0.160094 0.162997 0.640376 0.651987 0.156773 0.157238 0.627072 0.628931
184.785 0.160676 0.163589 0.642703 0.654356 0.157384 0.157753 0.629518 0.630994
196.487 0.161214 0.164137 0.644856 0.656548 0.157955 0.158235 0.631802 0.632923
208.93 0.161711 0.164643 0.646844 0.658572 0.158487 0.158685 0.633931 0.634724
222.16 0.162169 0.16511 0.648677 0.660438 0.158982 0.159104 0.635914 0.636403
236.229 0.162591 0.165539 0.650365 0.662157 0.159442 0.159495 0.637757 0.637966
251.189 0.162979 0.165934 0.651917 0.663737 0.159858 0.15987 0.63942 0.639467
267.096 0.163336 0.166297 0.653342 0.665187 0.160195 0.160265 0.64077 0.64105
284.01 0.163662 0.166629 0.654648 0.666517 0.160508 0.160631 0.642022 0.642515
301.995 0.163961 0.166934 0.655844 0.667735 0.160798 0.160969 0.643182 0.643868
321.119 0.164234 0.167212 0.656937 0.668848 0.161066 0.161281 0.644255 0.645115
341.455 0.164484 0.167466 0.657935 0.669864 0.161314 0.161567 0.645247 0.646262
363.078 0.164711 0.167698 0.658846 0.670791 0.161542 0.161831 0.646161 0.647316
386.071 0.164919 0.167909 0.659675 0.671635 0.161753 0.162072 0.647004 0.648283
410.519 0.165107 0.168101 0.66043 0.672404 0.161946 0.162293 0.647779 0.649168
436.516 0.165279 0.168275 0.661115 0.673102 0.162124 0.162495 0.648491 0.649976
464.159 0.165434 0.168434 0.661738 0.673736 0.162287 0.16268 0.649145 0.650714
493.552 0.165576 0.168578 0.662303 0.67431 0.162437 0.162847 0.649744 0.651385
524.807 0.165704 0.168708 0.662814 0.674831 0.162574 0.163 0.650291 0.651995
558.042 0.165819 0.168826 0.663277 0.675303 0.162699 0.163138 0.650791 0.652547
593.381 0.165924 0.168932 0.663696 0.675729 0.162813 0.163262 0.651247 0.653047
630.957 0.166019 0.169029 0.664074 0.676114 0.162916 0.163375 0.651662 0.653497
670.914 0.166104 0.169115 0.664415 0.676462 0.16301 0.163476 0.652039 0.653902
713.4 0.166181 0.169194 0.664723 0.676775 0.163096 0.163567 0.652381 0.654265
758.578 0.16625 0.169264 0.665001 0.677058 0.163173 0.163648 0.65269 0.65459
806.616 0.166313 0.169328 0.665251 0.677312 0.163243 0.16372 0.652969 0.654879
857.696 0.166369 0.169385 0.665476 0.677541 0.163305 0.163784 0.65322 0.655135
912.011 0.166419 0.169437 0.665678 0.677747 0.163362 0.163841 0.653445 0.655361
969.765 0.166465 0.169483 0.66586 0.677932 0.163412 0.16389 0.653647 0.65556
1031.18 0.166506 0.169525 0.666023 0.678098 0.163457 0.163933 0.653827 0.655732
1096.48 0.166542 0.169562 0.666169 0.678247 0.163497 0.163971 0.653986 0.655882
1165.91 0.166575 0.169595 0.6663 0.678381 0.163532 0.164003 0.654127 0.65601
1239.75 0.166605 0.169625 0.666418 0.678501 0.163563 0.16403 0.654251 0.656118
1318.26 0.166631 0.169652 0.666523 0.678608 0.16359 0.164052 0.654359 0.656209
1401.74 0.166654 0.169676 0.666618 0.678704 0.163613 0.164071 0.654453 0.656282
1490.5 0.166676 0.169697 0.666702 0.67879 0.163633 0.164085 0.654533 0.656341
1584.89 0.166694 0.169717 0.666778 0.678867 0.16365 0.164097 0.654601 0.656386
1685.26 0.166711 0.169734 0.666845 0.678936 0.163664 0.164105 0.654657 0.656418
1791.98 0.166726 0.169749 0.666906 0.678997 0.163676 0.16411 0.654704 0.656439
1905.46 0.16674 0.169763 0.66696 0.679052 0.163685 0.164112 0.65474 0.656449
2026.13 0.166752 0.169775 0.667008 0.679101 0.163692 0.164112 0.654767 0.656449
2154.43 0.166763 0.169786 0.667051 0.679145 0.163697 0.16411 0.654786 0.65644
2290.87 0.166772 0.169796 0.667089 0.679184 0.1637 0.164106 0.654798 0.656423
2435.94 0.166781 0.169805 0.667123 0.679218 0.163701 0.1641 0.654804 0.656399
2590.2 0.166788 0.169812 0.667153 0.679249 0.163701 0.164092 0.654802 0.656368
2754.23 0.166795 0.169819 0.667181 0.679277 0.163699 0.164083 0.654795 0.65633
2928.64 0.166801 0.169825 0.667205 0.679302 0.163695 0.164071 0.65478 0.656285
3114.11 0.166807 0.169831 0.667226 0.679323 0.163691 0.164059 0.654762 0.656237
3311.31 0.166811 0.169836 0.667245 0.679343 0.163685 0.164046 0.65474 0.656184
3521.01 0.166816 0.16984 0.667262 0.67936 0.163678 0.164031 0.654712 0.656125
3743.98 0.166819 0.169844 0.667278 0.679376 0.16367 0.164016 0.65468 0.656062
3981.07 0.166823 0.169847 0.667291 0.679389 0.163661 0.163999 0.654646 0.655996
4233.18 0.166826 0.16985 0.667303 0.679402 0.163652 0.163982 0.654608 0.655928
4501.25 0.166828 0.169853 0.667314 0.679413 0.16364 0.163962 0.654559 0.655848
4786.3 0.166831 0.169856 0.667323 0.679422 0.163629 0.163944 0.654518 0.655776
5089.4 0.166833 0.169858 0.667332 0.679431 0.163616 0.163923 0.654464 0.655691
5411.7 0.166835 0.16986 0.667339 0.679438 0.163604 0.163903 0.654417 0.655613
5754.4 0.166836 0.169861 0.667346 0.679445 0.163591 0.163882 0.654364 0.655529
6118.81 0.166838 0.169863 0.667352 0.679451 0.163574 0.163858 0.654297 0.655432
6506.29 0.166839 0.169864 0.667357 0.679456 0.16356 0.163837 0.654242 0.655347
6918.31 0.16684 0.169865 0.667362 0.679461 0.163546 0.163815 0.654185 0.65526
7356.42 0.166841 0.169866 0.667366 0.679465 0.16353 0.163791 0.65412 0.655165
7822.28 0.166842 0.169867 0.667369 0.679469 0.163513 0.163767 0.654054 0.655068
8317.64 0.166843 0.169868 0.667373 0.679472 0.163495 0.163742 0.653981 0.654966
8844.37 0.166844 0.169869 0.667375 0.679475 0.163476 0.163715 0.653904 0.65486
9404.45 0.166845 0.169869 0.667378 0.679478 0.163461 0.163692 0.653842 0.654769
10000 0.166845 0.16987 0.66738 0.67948 0.163443 0.163667 0.653772 0.654669
