1 0.0156636 0.0157998 0.0153263 0.0158509
1.84785 0.0247294 0.0249444 0.0241958 0.0249801
3.41455 0.0379668 0.0382969 0.0371377 0.0382516
6.30957 0.056144 0.0566322 0.0548893 0.056357
11.6591 0.0789793 0.079666 0.0771677 0.0789021
21.5443 0.104271 0.105178 0.101881 0.103642
39.8107 0.127963 0.129075 0.125355 0.126844
73.5642 0.146108 0.147378 0.143054 0.143932
135.936 0.157336 0.158704 0.154317 0.15468
251.189 0.163035 0.164453 0.160252 0.160265
464.159 0.165491 0.16693 0.162758 0.162929
857.696 0.166426 0.167873 0.163748 0.164002
1584.89 0.166752 0.168201 0.164108 0.164396
2928.64 0.166858 0.168309 0.164229 0.164532
5411.7 0.166892 0.168343 0.164265 0.164576
10000 0.166902 0.168353 0.164268 0.164595
