100 0.152546 0.153872 0.147646 0.149164
125.893 0.15628 0.157639 0.151335 0.152716
158.489 0.159189 0.160573 0.15424 0.155501
199.526 0.161397 0.162801 0.156476 0.157633
251.189 0.163035 0.164453 0.158157 0.159232
316.228 0.164224 0.165652 0.159398 0.160408
398.107 0.165072 0.166507 0.160297 0.161257
501.187 0.165665 0.167106 0.160938 0.161862
630.957 0.166075 0.167519 0.161389 0.162286
794.328 0.166355 0.167801 0.161702 0.16258
1000 0.166543 0.167991 0.161918 0.162782
1258.93 0.166668 0.168118 0.162064 0.162919
1584.89 0.166752 0.168201 0.162163 0.163012
1995.26 0.166806 0.168256 0.16223 0.163074
2511.89 0.166842 0.168292 0.162274 0.163116
3162.28 0.166865 0.168316 0.162304 0.163144
3981.07 0.16688 0.168331 0.162323 0.163162
5011.87 0.16689 0.168341 0.162336 0.163173
6309.57 0.166896 0.168347 0.162345 0.163181
7943.28 0.1669 0.168351 0.162356 0.163183
10000 0.166902 0.168353 0.162357 0.163189
