F[5] 42 2
F[5] 43 2
F[5] 44 2
F[5] 45 2
F[5] 46 2
F[5] 47 2
F[5] 48 2
F[5] 49 2
F[5] 50 2
F[5] 51 2
F[5] 52 2
F[5] 53 2
F[5] 54 2
F[5] 55 2
F[5] 56 2
F[5] 57 2
F[5] 58 2
F[5] 59 2
F[5] 60 2
F[5] 61 2
F[5] 62 2
F[5] 63 2
F[5] 64 2
F[5] 65 2
F[5] 66 2
F[5] 67 2
F[5] 68 2
F[5] 69 2
F[5] 70 2
F[5] 71 2
F[5] 72 2
F[5] 73 2
F[5] 74 2
F[5] 75 2
F[6] 27 2
F[6] 28 2
F[6] 29 2
F[6] 30 2
F[6] 31 2
F[6] 32 2
F[6] 33 2
F[6] 34 2
F[6] 35 2
F[6] 36 2
F[6] 37 2
F[6] 38 2
F[6] 39 2
F[6] 40 2
F[6] 41 2
F[6] 42 2
F[6] 43 2
F[6] 44 2
F[6] 45 2
F[6] 46 2
F[6] 47 2
F[6] 48 2
