# groups A and B
F[5] 23 2
F[5] 24 2
F[5] 25 2
F[5] 26 2
F[5] 27 2
F[5] 28 2
F[5] 29 2
F[5] 30 2
F[5] 31 2
F[5] 32 2
F[5] 33 2
F[5] 34 2
F[5] 35 2
F[5] 36 2
F[5] 37 2
F[5] 38 2
F[5] 39 2
F[5] 40 2
F[5] 41 2
F[5] 42 2
F[5] 43 2
F5[1] 131 2
F5[1] 132 2
F5[1] 133 2
F5[1] 134 2
F5[1] 135 2
F5[1] 136 2
F5[1] 137 2
F5[1] 138 2
F5[1] 139 2
F5[1] 140 2
F5[1] 141 2
F5[1] 142 2
F5[1] 143 2
F[6] 17 2
F[6] 18 2
F[6] 19 2
F[6] 20 2
F[6] 21 2
F[6] 22 2
F[6] 23 2
F[6] 24 2
F[6] 25 2
F[6] 26 2
F[6] 27 2
F[6] 28 2
F[6] 29 2
F[6] 30 2
F[6] 31 2
F[6] 99 2
F[6] 100 2
F[6] 101 2
F[6] 102 2
F[6] 103 2
F[6] 104 2
F[6] 105 2
F[6] 106 2
F[6] 107 2
F[6] 108 2
F[7] 13 2
F[7] 14 2
F[7] 15 2
F[7] 16 2
F[7] 17 2
F[7] 18 2
F[7] 19 2
F[7] 20 2
F[7] 61 2
F[7] 62 2
F[7] 63 2
F[7] 64 2
F[7] 65 2
F[7] 66 2
F[7] 67 2
F[7] 68 2