# group C
#  F5
F[5] 1 2
F[5] 2 2
F[5] 3 2
F[5] 4 2
F[5] 5 2
F[5] 6 2
F[5] 7 2
F[5] 8 2
F[5] 9 2
F[5] 10 2
F[5] 11 2
F[5] 12 2
F[5] 13 2
F[5] 14 2
F[5] 15 2
F[5] 16 2
F[5] 17 2
F[5] 18 2
F[5] 19 2
F[5] 20 2
F[5] 21 2
F[5] 22 2
#
F[5] 44 2
F[5] 45 2
F[5] 46 2
F[5] 47 2
F[5] 48 2
F[5] 49 2
F[5] 50 2
F[5] 51 2
F[5] 52 2
F[5] 53 2
F[5] 54 2
F[5] 55 2
F[5] 56 2
F[5] 57 2
F[5] 58 2
F[5] 59 2
F[5] 60 2
F[5] 61 2
F[5] 62 2
F[5] 63 2
F[5] 64 2
F[5] 65 2
F[5] 66 2
F[5] 67 2
F[5] 68 2
F[5] 69 2
F[5] 70 2
F[5] 71 2
F[5] 72 2
F[5] 73 2
F[5] 74 2
F[5] 75 2
F[5] 76 2
F[5] 77 2
F[5] 78 2
F[5] 79 2
F[5] 80 2
F[5] 81 2
F[5] 82 2
F[5] 83 2
F[5] 84 2
F[5] 85 2
F[5] 86 2
F[5] 87 2
F[5] 88 2
F[5] 89 2
F[5] 90 2
F[5] 91 2
F[5] 92 2
F[5] 93 2
F[5] 94 2
F[5] 95 2
F[5] 96 2
F[5] 97 2
F[5] 98 2
F[5] 99 2
F[5] 100 2
F[5] 101 2
F[5] 102 2
F[5] 103 2
F[5] 104 2
F[5] 105 2
F[5] 106 2
F[5] 107 2
F[5] 108 2
F[5] 109 2
F[5] 110 2
F[5] 111 2
F[5] 112 2
F[5] 113 2
F[5] 114 2
F[5] 115 2
F[5] 116 2
F[5] 117 2
F[5] 118 2
F[5] 119 2
F[5] 120 2
F[5] 121 2
F[5] 122 2
F[5] 123 2
F[5] 124 2
F[5] 125 2
F[5] 126 2
F[5] 127 2
F[5] 128 2
F[5] 129 2
F[5] 130 2
#
F[5] 144 2
F[5] 145 2
F[5] 146 2
F[5] 147 2
F[5] 148 2
F[5] 149 2
F[5] 150 2
F[5] 151 2
F[5] 152 2
F[5] 153 2
F[5] 154 2
F[5] 155 2
F[5] 156 2
F[5] 157 2
F[5] 158 2
F[5] 159 2
F[5] 160 2
F[5] 161 2
F[5] 162 2
F[5] 163 2
F[5] 164 2
F[5] 165 2
F[5] 166 2
F[5] 167 2
F[5] 168 2
F[5] 169 2
F[5] 170 2
F[5] 171 2
F[5] 172 2
F[5] 173 2
F[5] 174 2
F[5] 175 2
F[5] 176 2
F[5] 177 2
F[5] 178 2
F[5] 179 2
F[5] 180 2
F[5] 181 2
F[5] 182 2
F[5] 183 2
F[5] 184 2
F[5] 185 2
F[5] 186 2
F[5] 187 2
F[5] 188 2
F[5] 189 2
F[5] 190 2
F[5] 191 2
# F6
F[6] 1 2
F[6] 2 2
F[6] 3 2
F[6] 4 2
F[6] 5 2
F[6] 6 2
F[6] 7 2
F[6] 8 2
F[6] 9 2
F[6] 10 2
F[6] 11 2
F[6] 12 2
F[6] 13 2
F[6] 14 2
F[6] 15 2
F[6] 16 2
#
F[6] 32 2
F[6] 33 2
F[6] 34 2
F[6] 35 2
F[6] 36 2
F[6] 37 2
F[6] 38 2
F[6] 39 2
F[6] 40 2
F[6] 41 2
F[6] 42 2
F[6] 43 2
F[6] 44 2
F[6] 45 2
F[6] 46 2
F[6] 47 2
F[6] 48 2
F[6] 49 2
F[6] 50 2
F[6] 51 2
F[6] 52 2
F[6] 53 2
F[6] 54 2
F[6] 55 2
F[6] 56 2
F[6] 57 2
F[6] 58 2
F[6] 59 2
F[6] 60 2
F[6] 61 2
F[6] 62 2
F[6] 63 2
F[6] 64 2
F[6] 65 2
F[6] 66 2
F[6] 67 2
F[6] 68 2
F[6] 69 2
F[6] 70 2
F[6] 71 2
F[6] 72 2
F[6] 73 2
F[6] 74 2
F[6] 75 2
F[6] 76 2
F[6] 77 2
F[6] 78 2
F[6] 79 2
F[6] 80 2
F[6] 81 2
F[6] 82 2
F[6] 83 2
F[6] 84 2
F[6] 85 2
F[6] 86 2
F[6] 87 2
F[6] 88 2
F[6] 89 2
F[6] 90 2
F[6] 91 2
F[6] 92 2
F[6] 93 2
F[6] 94 2
F[6] 95 2
F[6] 96 2
F[6] 97 2
F[6] 98 2
#
F[6] 109 2
F[6] 110 2
F[6] 111 2
F[6] 112 2
F[6] 113 2
F[6] 114 2
F[6] 115 2
F[6] 116 2
F[6] 117 2
F[6] 118 2
F[6] 119 2
F[6] 120 2
F[6] 121 2
F[6] 122 2
F[6] 123 2
F[6] 124 2
F[6] 125 2
F[6] 126 2
F[6] 127 2
F[6] 128 2
F[6] 129 2
F[6] 130 2
F[6] 131 2
F[6] 132 2
F[6] 133 2
F[6] 134 2
F[6] 135 2
F[6] 136 2
F[6] 137 2
F[6] 138 2
F[6] 139 2
F[6] 140 2
F[6] 141 2
F[6] 142 2
F[6] 143 2
F[6] 144 2
F[6] 145 2
# F7
F[7] 1 2
F[7] 2 2
F[7] 3 2
F[7] 4 2
F[7] 5 2
F[7] 6 2
F[7] 7 2
F[7] 8 2
F[7] 9 2
F[7] 10 2
F[7] 11 2
F[7] 12 2
F[7] 21 2
F[7] 22 2
F[7] 23 2
F[7] 24 2
F[7] 25 2
F[7] 26 2
F[7] 27 2
F[7] 28 2
F[7] 29 2
F[7] 30 2
F[7] 31 2
F[7] 32 2
F[7] 33 2
F[7] 34 2
F[7] 35 2
F[7] 36 2
F[7] 37 2
F[7] 38 2
F[7] 39 2
F[7] 40 2
F[7] 41 2
F[7] 42 2
F[7] 43 2
F[7] 44 2
F[7] 45 2
F[7] 46 2
F[7] 47 2
F[7] 48 2
F[7] 49 2
F[7] 50 2
F[7] 51 2
F[7] 52 2
F[7] 53 2
F[7] 54 2
F[7] 55 2
F[7] 56 2
F[7] 57 2
F[7] 58 2
F[7] 59 2
F[7] 60 2
#
F[7] 69 2
F[7] 70 2
F[7] 71 2
F[7] 72 2
F[7] 73 2
F[7] 74 2
F[7] 75 2
F[7] 76 2
F[7] 77 2
F[7] 78 2
F[7] 79 2
F[7] 80 2
F[7] 81 2
F[7] 82 2
F[7] 83 2
F[7] 84 2
F[7] 85 2
F[7] 86 2
F[7] 87 2
F[7] 88 2
F[7] 89 2
F[7] 90 2