10.4713 5.30564e-07 4.66076e-07
10.9648 4.69841e-07 4.13314e-07
11.4815 4.168e-07 3.6717e-07
12.0226 3.70406e-07 3.26761e-07
12.5893 3.29774e-07 2.91326e-07
13.1826 2.94139e-07 2.60212e-07
13.8038 2.62845e-07 2.32855e-07
14.4544 2.35325e-07 2.08769e-07
15.1356 2.11091e-07 1.87533e-07
15.8489 1.8972e-07 1.68785e-07
16.5959 1.70848e-07 1.5221e-07
17.378 1.54159e-07 1.37535e-07
18.197 1.39379e-07 1.24524e-07
19.0546 1.26271e-07 1.12973e-07
19.9526 1.1463e-07 1.02703e-07
20.893 1.04277e-07 9.35588e-08
21.8776 9.50555e-08 7.62551e-08
22.9087 8.68303e-08 6.97551e-08
23.9883 7.09672e-08 6.39432e-08
25.1189 6.50993e-08 5.8739e-08
26.3027 5.98428e-08 5.40724e-08
27.5423 5.51273e-08 4.98821e-08
28.8403 5.08912e-08 4.61142e-08
30.1995 4.70803e-08 4.27214e-08
31.6228 4.36471e-08 3.96621e-08
33.1131 4.055e-08 3.68999e-08
34.6737 3.77521e-08 3.44026e-08
36.3078 3.52212e-08 3.21417e-08
38.0189 3.29287e-08 3.00923e-08
39.8107 3.08495e-08 2.82321e-08
41.6869 2.89611e-08 2.65416e-08
43.6516 2.7244e-08 2.50033e-08
45.7088 2.56806e-08 2.36019e-08
47.863 2.42555e-08 2.23238e-08
50.1187 2.29548e-08 2.11567e-08
52.4807 2.17662e-08 2.00897e-08
54.9541 2.0679e-08 1.91133e-08
57.544 1.96833e-08 1.24388e-09
60.256 2.32112e-09 8.48262e-10
63.0957 1.05647e-09 6.80403e-10
66.0693 7.85459e-10 5.81386e-10
69.1831 6.49482e-10 5.14121e-10
72.4436 5.63889e-10 4.64652e-10
75.8578 5.03677e-10 4.26371e-10
79.4328 4.58416e-10 3.95686e-10
83.1764 4.22862e-10 3.70447e-10
87.0964 3.94048e-10 3.49276e-10
91.2011 3.70145e-10 3.31243e-10
95.4993 3.49959e-10 3.15692e-10
100 3.32666e-10 3.02146e-10
104.713 3.17681e-10 2.90249e-10
109.648 3.04573e-10 2.79726e-10
114.815 2.93014e-10 2.70364e-10
120.226 2.82754e-10 2.61992e-10
125.893 2.73595e-10 2.54473e-10
131.826 2.65376e-10 2.47696e-10
138.038 2.57971e-10 2.41566e-10
144.544 2.51273e-10 2.36006e-10
151.356 2.45195e-10 2.30951e-10
158.489 2.39662e-10 2.26344e-10
165.959 2.34613e-10 2.22138e-10
173.78 2.30026e-10 2.18262e-10
181.97 2.26185e-10 2.14376e-10
190.546 2.22667e-10 2.108e-10
199.526 2.19441e-10 2.07505e-10
208.93 2.1648e-10 2.04463e-10
218.776 2.13759e-10 2.01652e-10
229.087 2.11257e-10 1.9905e-10
239.883 2.08954e-10 1.96639e-10
251.189 2.06833e-10 1.94402e-10
263.027 2.04878e-10 1.92324e-10
275.423 2.03076e-10 1.90392e-10
288.403 2.01414e-10 1.88593e-10
301.995 1.99881e-10 1.86917e-10
316.228 1.98466e-10 1.85353e-10
331.131 1.9716e-10 1.83893e-10
346.737 1.95954e-10 1.82528e-10
363.078 1.94841e-10 1.81251e-10
380.189 1.93812e-10 1.80055e-10
398.107 1.92863e-10 1.78933e-10
416.869 1.91986e-10 1.77879e-10
436.516 1.91176e-10 1.76889e-10
457.088 1.90428e-10 1.75957e-10
478.63 1.89738e-10 1.7508e-10
501.187 1.891e-10 1.74252e-10
524.807 1.88512e-10 1.7347e-10
549.541 1.87968e-10 1.7273e-10
575.44 1.87467e-10 1.7203e-10
602.56 1.87004e-10 1.71366e-10
630.957 1.86577e-10 1.70736e-10
660.693 1.86183e-10 1.70136e-10
691.831 1.8582e-10 1.69565e-10
724.436 1.85485e-10 1.6902e-10
758.578 1.85176e-10 1.685e-10
794.328 1.84891e-10 1.68002e-10
831.764 1.84628e-10 1.67525e-10
870.964 1.84386e-10 1.67067e-10
912.011 1.84163e-10 1.66627e-10
954.993 1.83958e-10 1.66204e-10
1000 1.83769e-10 1.65795e-10
1047.13 1.83595e-10 1.654e-10
1096.48 1.83435e-10 1.65019e-10
1148.15 1.83288e-10 1.64649e-10
1202.26 1.83152e-10 1.6429e-10
1258.93 1.83027e-10 1.63942e-10
1318.26 1.82913e-10 1.63602e-10
1380.38 1.82807e-10 1.63272e-10
1445.44 1.8271e-10 1.62949e-10
1513.56 1.82621e-10 1.62634e-10
1584.89 1.82539e-10 1.62326e-10
1659.59 1.82464e-10 1.62024e-10
1737.8 1.82395e-10 1.61782e-10
1819.7 1.82332e-10 1.61437e-10
1905.46 1.82274e-10 1.61151e-10
1995.26 1.8222e-10 1.6087e-10
2089.3 1.82171e-10 1.60593e-10
2187.76 1.82126e-10 1.6032e-10
2290.87 1.82085e-10 1.60051e-10
2398.83 1.82047e-10 1.59785e-10
2511.89 1.82012e-10 1.59522e-10
2630.27 1.8198e-10 1.59262e-10
2754.23 1.81951e-10 1.59005e-10
2884.03 1.81924e-10 1.5875e-10
3019.95 1.819e-10 1.58498e-10
3162.28 1.81877e-10 1.58248e-10
3311.31 1.81857e-10 1.58e-10
3467.37 1.81838e-10 1.57754e-10
3630.78 1.8182e-10 1.57509e-10
3801.89 1.81805e-10 1.57266e-10
3981.07 1.8179e-10 1.57025e-10
4168.69 1.81777e-10 1.56785e-10
4365.16 1.81765e-10 1.56547e-10
4570.88 1.81754e-10 1.5631e-10
4786.3 1.81743e-10 1.56074e-10
5011.87 1.81734e-10 1.55839e-10
5248.07 1.81726e-10 1.55606e-10
5495.41 1.81718e-10 1.55373e-10
5754.4 1.81711e-10 1.55141e-10
6025.6 1.81704e-10 1.5491e-10
6309.57 1.81698e-10 1.5468e-10
6606.93 1.81693e-10 1.54451e-10
6918.31 1.81688e-10 1.54223e-10
7244.36 1.81683e-10 1.53995e-10
7585.78 1.81679e-10 1.53769e-10
7943.28 1.81675e-10 1.53543e-10
8317.64 1.81672e-10 1.53317e-10
8709.64 1.81668e-10 1.53092e-10
9120.11 1.81665e-10 1.52868e-10
9549.93 1.81663e-10 1.52645e-10
10000 1.8166e-10 1.52422e-10
