10.4713 4.69541e-07 4.67793e-07
10.9648 4.16159e-07 4.14845e-07
11.4815 3.69508e-07 3.68535e-07
12.0226 3.28686e-07 3.27977e-07
12.5893 2.92915e-07 2.84759e-07
13.1826 2.61529e-07 2.53993e-07
13.8038 2.33951e-07 2.33718e-07
14.4544 2.09685e-07 2.03222e-07
15.1356 1.88305e-07 1.82305e-07
15.8489 1.69439e-07 1.63861e-07
16.5959 1.52768e-07 1.47576e-07
17.378 1.38016e-07 1.33175e-07
18.197 1.24943e-07 1.20423e-07
19.0546 1.13339e-07 1.09114e-07
19.9526 1.03021e-07 9.90719e-08
20.893 9.38329e-08 9.01405e-08
21.8776 8.56386e-08 7.33802e-08
22.9087 6.99288e-08 6.70451e-08
23.9883 6.40845e-08 6.13863e-08
25.1189 5.88497e-08 5.63241e-08
26.3027 5.41538e-08 5.17889e-08
27.5423 4.99352e-08 4.77199e-08
28.8403 4.61398e-08 4.40638e-08
30.1995 4.27199e-08 4.07737e-08
31.6228 3.96339e-08 3.78087e-08
33.1131 3.68447e-08 3.51326e-08
34.6737 3.43201e-08 3.27136e-08
36.3078 3.20314e-08 3.05237e-08
38.0189 2.99531e-08 2.85382e-08
39.8107 2.80633e-08 2.6735e-08
41.6869 2.63414e-08 2.50948e-08
43.6516 2.47699e-08 2.36008e-08
45.7088 2.35686e-08 2.22372e-08
47.863 2.23546e-08 2.10524e-08
50.1187 2.12294e-08 2.00631e-08
52.4807 2.01932e-08 1.91027e-08
54.9541 1.92406e-08 1.23818e-09
57.544 1.38409e-09 8.46004e-10
60.256 8.99644e-10 6.78679e-10
63.0957 7.12098e-10 5.79848e-10
66.0693 6.04833e-10 5.12698e-10
69.1831 5.33121e-10 4.63339e-10
72.4436 4.80902e-10 4.25176e-10
75.8578 4.40772e-10 3.94619e-10
79.4328 4.08769e-10 3.69518e-10
83.1764 3.82551e-10 3.48496e-10
87.0964 3.60632e-10 3.3062e-10
91.2011 3.42015e-10 3.15235e-10
95.4993 3.26001e-10 3.01863e-10
100 3.12083e-10 2.90147e-10
104.713 2.99885e-10 2.79812e-10
109.648 2.89119e-10 2.70644e-10
114.815 2.79559e-10 2.62473e-10
120.226 2.71027e-10 2.55161e-10
125.893 2.63388e-10 2.48604e-10
131.826 2.56509e-10 2.42692e-10
138.038 2.503e-10 2.37355e-10
144.544 2.44682e-10 2.32526e-10
151.356 2.39586e-10 2.28153e-10
158.489 2.34954e-10 2.24185e-10
165.959 2.30736e-10 2.20582e-10
173.78 2.26911e-10 2.17278e-10
181.97 2.23654e-10 2.13931e-10
190.546 2.20689e-10 2.10869e-10
199.526 2.17987e-10 2.08066e-10
208.93 2.15526e-10 2.05497e-10
218.776 2.13282e-10 2.03142e-10
229.087 2.11238e-10 2.00983e-10
239.883 2.09377e-10 1.99002e-10
251.189 2.07682e-10 1.97185e-10
263.027 2.06141e-10 1.95519e-10
275.423 2.04741e-10 1.9399e-10
288.403 2.0347e-10 1.92589e-10
301.995 2.02318e-10 1.91304e-10
316.228 2.01276e-10 1.90128e-10
331.131 2.00335e-10 1.89051e-10
346.737 1.99488e-10 1.88066e-10
363.078 1.98726e-10 1.87165e-10
380.189 1.98044e-10 1.86343e-10
398.107 1.97436e-10 1.85594e-10
416.869 1.96895e-10 1.84912e-10
436.516 1.96418e-10 1.84292e-10
457.088 1.95998e-10 1.83729e-10
478.63 1.95631e-10 1.8322e-10
501.187 1.95315e-10 1.82759e-10
524.807 1.95043e-10 1.82345e-10
549.541 1.94814e-10 1.81973e-10
575.44 1.94624e-10 1.8164e-10
602.56 1.9447e-10 1.81343e-10
630.957 1.9435e-10 1.81079e-10
660.693 1.94259e-10 1.80847e-10
691.831 1.94198e-10 1.80644e-10
724.436 1.94162e-10 1.80467e-10
758.578 1.9415e-10 1.80315e-10
794.328 1.9416e-10 1.80186e-10
831.764 1.9419e-10 1.80078e-10
870.964 1.94239e-10 1.7999e-10
912.011 1.94306e-10 1.79919e-10
954.993 1.94388e-10 1.79866e-10
1000 1.94484e-10 1.79828e-10
1047.13 1.94593e-10 1.79804e-10
1096.48 1.94715e-10 1.79794e-10
1148.15 1.94847e-10 1.79796e-10
1202.26 1.9499e-10 1.79809e-10
1258.93 1.95141e-10 1.79833e-10
1318.26 1.95301e-10 1.79866e-10
1380.38 1.95468e-10 1.79908e-10
1445.44 1.95643e-10 1.79959e-10
1513.56 1.95823e-10 1.80017e-10
1584.89 1.96009e-10 1.80082e-10
1659.59 1.96199e-10 1.80153e-10
1737.8 1.96395e-10 1.80231e-10
1819.7 1.96594e-10 1.80314e-10
1905.46 1.96796e-10 1.80402e-10
1995.26 1.97002e-10 1.80495e-10
2089.3 1.9721e-10 1.80593e-10
2187.76 1.97421e-10 1.80694e-10
2290.87 1.97633e-10 1.80799e-10
2398.83 1.97848e-10 1.80908e-10
2511.89 1.98064e-10 1.81019e-10
2630.27 1.98281e-10 1.81134e-10
2754.23 1.98498e-10 1.81251e-10
2884.03 1.98717e-10 1.8137e-10
3019.95 1.98936e-10 1.81492e-10
3162.28 1.99156e-10 1.81616e-10
3311.31 1.99375e-10 1.81742e-10
3467.37 1.99595e-10 1.8187e-10
3630.78 1.99814e-10 1.81999e-10
3801.89 2.00033e-10 1.8213e-10
3981.07 2.00252e-10 1.82262e-10
4168.69 2.00471e-10 1.82396e-10
4365.16 2.00688e-10 1.82531e-10
4570.88 2.00905e-10 1.82667e-10
4786.3 2.01121e-10 1.82804e-10
5011.87 2.01337e-10 1.82941e-10
5248.07 2.01551e-10 1.8308e-10
5495.41 2.01765e-10 1.8322e-10
5754.4 2.01977e-10 1.8336e-10
6025.6 2.02188e-10 1.83501e-10
6309.57 2.02398e-10 1.83643e-10
6606.93 2.02607e-10 1.83785e-10
6918.31 2.02814e-10 1.83928e-10
7244.36 2.03021e-10 1.84071e-10
7585.78 2.03226e-10 1.84215e-10
7943.28 2.03429e-10 1.8436e-10
8317.64 2.03631e-10 1.84504e-10
8709.64 2.03832e-10 1.8465e-10
9120.11 2.04031e-10 1.84795e-10
9549.93 2.04229e-10 1.84941e-10
10000 2.04426e-10 1.85087e-10
