10.4713 5.41639e-06 1.53347e-10
10.9648 4.88952e-06 1.43444e-10
11.4815 4.42412e-06 1.3458e-10
12.0226 4.01247e-06 1.26604e-10
12.5893 3.64785e-06 1.19399e-10
13.1826 3.32446e-06 1.12864e-10
13.8038 3.03727e-06 1.06918e-10
14.4544 2.78188e-06 1.01492e-10
15.1356 2.55448e-06 9.65284e-11
15.8489 2.35177e-06 9.19775e-11
16.5959 2.17084e-06 8.7797e-11
17.378 2.00917e-06 8.39495e-11
18.197 1.86456e-06 8.04032e-11
19.0546 1.73508e-06 7.71301e-11
19.9526 1.61904e-06 7.41056e-11
20.893 1.51497e-06 7.13079e-11
21.8776 1.42156e-06 6.87177e-11
22.9087 1.33768e-06 6.63177e-11
23.9883 1.26233e-06 6.40928e-11
25.1189 1.19463e-06 6.20291e-11
26.3027 1.1338e-06 6.01142e-11
27.5423 1.07916e-06 5.83372e-11
28.8403 1.03011e-06 5.66877e-11
30.1995 9.86113e-07 5.51566e-11
31.6228 9.46709e-07 5.37359e-11
33.1131 9.11479e-07 5.24178e-11
34.6737 8.80058e-07 5.11955e-11
36.3078 8.5212e-07 5.00629e-11
38.0189 8.27378e-07 4.9014e-11
39.8107 8.05579e-07 4.80438e-11
41.6869 7.86495e-07 4.71472e-11
43.6516 7.69924e-07 4.632e-11
45.7088 7.55692e-07 4.5558e-11
47.863 7.43638e-07 4.48574e-11
50.1187 7.33618e-07 4.42146e-11
52.4807 7.25503e-07 4.36265e-11
54.9541 7.19176e-07 4.30902e-11
57.544 7.14532e-07 4.26027e-11
60.256 7.1147e-07 4.21615e-11
63.0957 7.099e-07 4.17642e-11
66.0693 7.09732e-07 4.14086e-11
69.1831 7.10881e-07 4.10926e-11
72.4436 7.13263e-07 4.08141e-11
75.8578 7.16792e-07 4.05712e-11
79.4328 7.21379e-07 4.03623e-11
83.1764 7.26933e-07 4.01858e-11
87.0964 7.33354e-07 4.004e-11
91.2011 7.40536e-07 3.99235e-11
95.4993 7.4836e-07 3.9835e-11
100 7.56702e-07 3.9773e-11
104.713 7.65419e-07 3.97366e-11
109.648 7.74357e-07 3.97242e-11
114.815 7.83347e-07 3.97347e-11
120.226 7.92202e-07 3.97672e-11
125.893 8.00713e-07 3.98206e-11
131.826 8.08672e-07 3.98938e-11
138.038 8.15838e-07 3.99858e-11
144.544 8.21957e-07 4.0096e-11
151.356 8.26764e-07 4.0223e-11
158.489 8.29981e-07 4.03661e-11
165.959 8.3132e-07 4.05245e-11
173.78 8.41207e-07 4.0375e-11
181.97 9.88869e-07 3.66839e-11
190.546 1.16513e-06 3.33628e-11
199.526 1.37501e-06 3.03717e-11
208.93 1.62386e-06 2.76757e-11
218.776 1.91712e-06 2.52443e-11
229.087 2.25978e-06 2.30504e-11
239.883 2.65552e-06 2.107e-11
251.189 3.10554e-06 1.9282e-11
263.027 3.60705e-06 1.76673e-11
275.423 4.15136e-06 1.62088e-11
288.403 4.72191e-06 1.48915e-11
301.995 5.29276e-06 1.37014e-11
316.228 5.82807e-06 1.26264e-11
331.131 6.28361e-06 1.16553e-11
346.737 6.61091e-06 1.07782e-11
363.078 6.76429e-06 9.98614e-12
380.189 6.70981e-06 9.27103e-12
398.107 6.43715e-06 8.62561e-12
416.869 6.11528e-06 8.04334e-12
436.516 5.83479e-06 7.51836e-12
457.088 5.58952e-06 7.0454e-12
478.63 5.37443e-06 6.61973e-12
501.187 5.18536e-06 6.23711e-12
524.807 5.01882e-06 5.8938e-12
549.541 4.87194e-06 5.58642e-12
575.44 4.74227e-06 5.31197e-12
602.56 4.62775e-06 5.06779e-12
630.957 4.52663e-06 4.85157e-12
660.693 4.4374e-06 4.66125e-12
691.831 4.35879e-06 4.49507e-12
724.436 4.28969e-06 4.35151e-12
758.578 4.22913e-06 4.22927e-12
794.328 4.17627e-06 4.12731e-12
831.764 4.1304e-06 4.04477e-12
870.964 4.09086e-06 3.98104e-12
912.011 4.05711e-06 3.93568e-12
954.993 4.02863e-06 3.90847e-12
1000 4.005e-06 3.89941e-12
1047.13 3.98583e-06 3.90869e-12
1096.48 3.97078e-06 4.5241e-11
1148.15 3.95952e-06 3.18683e-11
1202.26 3.95179e-06 2.26978e-11
1258.93 3.94734e-06 1.62879e-11
1318.26 3.94595e-06 1.17475e-11
1380.38 3.94742e-06 8.49997e-12
1445.44 3.95156e-06 6.16071e-12
1513.56 3.95822e-06 4.46688e-12
1584.89 3.96724e-06 3.23586e-12
1659.59 3.9785e-06 2.33904e-12
1737.8 3.99186e-06 1.77261e-12
1819.7 4.00722e-06 1.20771e-12
1905.46 4.02448e-06 8.59989e-13
1995.26 4.04354e-06 6.0718e-13
2089.3 4.06431e-06 4.24014e-13
2187.76 4.08673e-06 2.91952e-13
2290.87 4.11072e-06 1.97636e-13
2398.83 4.13622e-06 1.25537e-13
2511.89 4.16315e-06 7.58383e-14
2630.27 4.19148e-06 4.92017e-14
2754.23 4.22114e-06 3.55756e-14
2884.03 4.25209e-06 2.63752e-14
3019.95 4.28429e-06 2.2901e-14
3162.28 4.3177e-06 2.16675e-14
3311.31 4.35228e-06 2.06134e-14
3467.37 4.38799e-06 1.97197e-14
3630.78 4.42481e-06 1.89702e-14
3801.89 4.46271e-06 1.83524e-14
3981.07 4.50165e-06 1.78552e-14
4168.69 4.54161e-06 1.74704e-14
4365.16 4.58257e-06 1.71908e-14
4570.88 4.62452e-06 1.7011e-14
4786.3 4.66741e-06 1.6927e-14
5011.87 4.71125e-06 1.69354e-14
5248.07 4.75601e-06 1.70354e-14
5495.41 4.80168e-06 1.7225e-14
5754.4 4.84824e-06 1.75048e-14
6025.6 4.89567e-06 6.84629e-16
6309.57 4.94397e-06 6.74116e-16
6606.93 4.99313e-06 6.64586e-16
6918.31 5.04312e-06 6.55962e-16
7244.36 5.09395e-06 2.03174e-14
7585.78 5.1456e-06 2.11889e-14
7943.28 5.19807e-06 2.21748e-14
8317.64 5.25135e-06 2.32831e-14
8709.64 5.30542e-06 2.45213e-14
9120.11 5.36029e-06 2.59016e-14
9549.93 5.41594e-06 2.74336e-14
10000 5.47238e-06 2.91276e-14
