10.4713 5.28108e-07 4.42217e-07
10.9648 4.71233e-07 3.90848e-07
11.4815 4.21243e-07 3.45989e-07
12.0226 3.77248e-07 3.06768e-07
12.5893 3.38478e-07 2.72431e-07
13.1826 3.04266e-07 2.42331e-07
13.8038 2.74037e-07 2.15912e-07
14.4544 2.47291e-07 1.92692e-07
15.1356 2.23593e-07 1.72258e-07
15.8489 2.02569e-07 1.5425e-07
16.5959 1.83891e-07 1.38359e-07
17.378 1.67274e-07 1.24318e-07
18.197 1.5247e-07 1.11894e-07
19.0546 1.39264e-07 1.00884e-07
19.9526 1.27467e-07 9.11159e-08
20.893 1.16913e-07 7.36036e-08
21.8776 1.07459e-07 6.67076e-08
22.9087 9.89792e-08 6.05629e-08
23.9883 9.13621e-08 5.50797e-08
25.1189 7.54562e-08 5.01799e-08
26.3027 6.99467e-08 4.57951e-08
27.5423 6.4978e-08 4.18656e-08
28.8403 6.04911e-08 3.8339e-08
30.1995 5.6434e-08 3.51696e-08
31.6228 5.27609e-08 3.23171e-08
33.1131 4.94312e-08 2.97462e-08
34.6737 4.64091e-08 2.74277e-08
36.3078 4.36629e-08 2.53348e-08
38.0189 4.11645e-08 2.34429e-08
39.8107 3.88889e-08 2.17302e-08
41.6869 3.68138e-08 2.01775e-08
43.6516 3.49196e-08 2.30813e-09
45.7088 3.31887e-08 8.75072e-10
47.863 3.16053e-08 6.29356e-10
50.1187 3.01556e-08 5.08413e-10
52.4807 2.88269e-08 4.32487e-10
54.9541 2.76081e-08 3.78956e-10
57.544 2.6489e-08 3.38549e-10
60.256 2.54608e-08 3.06645e-10
63.0957 2.45153e-08 2.80644e-10
66.0693 2.36452e-08 2.58947e-10
69.1831 2.2844e-08 2.4051e-10
72.4436 2.21057e-08 2.24616e-10
75.8578 2.1425e-08 2.10753e-10
79.4328 2.0797e-08 1.98544e-10
83.1764 2.02175e-08 1.87704e-10
87.0964 1.96823e-08 1.78013e-10
91.2011 1.9188e-08 1.69297e-10
95.4993 2.14152e-09 1.61417e-10
100 1.3251e-09 1.54262e-10
104.713 1.04925e-09 1.47739e-10
109.648 8.98597e-10 1.41771e-10
114.815 8.00581e-10 1.36295e-10
120.226 7.30599e-10 1.31255e-10
125.893 6.7766e-10 1.26607e-10
131.826 6.36006e-10 1.2231e-10
138.038 6.02296e-10 1.18332e-10
144.544 5.74427e-10 1.14643e-10
151.356 5.51005e-10 1.11217e-10
158.489 5.31063e-10 1.08034e-10
165.959 5.13908e-10 1.05073e-10
173.78 5.03996e-10 1.02247e-10
181.97 5.63507e-10 9.88008e-11
190.546 6.52924e-10 9.55764e-11
199.526 8.06909e-10 9.25608e-11
208.93 1.1734e-09 8.97426e-11
218.776 1.91236e-08 8.71121e-11
229.087 2.0258e-08 8.46615e-11
239.883 2.15489e-08 8.23844e-11
251.189 2.30192e-08 8.02758e-11
263.027 2.46963e-08 7.83324e-11
275.423 2.66127e-08 7.65522e-11
288.403 2.88071e-08 7.49347e-11
301.995 3.13257e-08 7.34802e-11
316.228 3.42239e-08 7.21315e-11
331.131 3.7568e-08 7.08492e-11
346.737 4.14383e-08 6.96289e-11
363.078 4.59316e-08 6.84665e-11
380.189 5.11655e-08 6.73584e-11
398.107 5.7283e-08 6.63011e-11
416.869 6.44588e-08 6.52914e-11
436.516 7.2907e-08 6.43263e-11
457.088 9.28374e-08 6.3403e-11
478.63 1.06102e-07 6.2519e-11
501.187 1.21899e-07 6.16719e-11
524.807 1.40786e-07 6.08595e-11
549.541 1.63459e-07 6.00797e-11
575.44 1.90786e-07 5.93306e-11
602.56 2.23855e-07 5.86104e-11
630.957 2.64035e-07 5.79173e-11
660.693 3.13053e-07 5.72499e-11
691.831 3.7309e-07 5.66067e-11
724.436 4.48485e-07 5.59862e-11
758.578 5.39959e-07 5.53872e-11
794.328 6.53324e-07 5.48085e-11
831.764 7.94356e-07 5.4249e-11
870.964 9.70455e-07 5.37076e-11
912.011 1.19114e-06 5.31833e-11
954.993 1.46869e-06 5.26752e-11
1000 1.81895e-06 5.21825e-11
1047.13 2.26243e-06 5.17042e-11
1096.48 2.82576e-06 5.12397e-11
1148.15 3.54352e-06 5.07882e-11
1202.26 4.46075e-06 5.0349e-11
1258.93 5.64032e-06 4.99216e-11
1318.26 7.15862e-06 4.95052e-11
1380.38 9.11581e-06 4.90994e-11
1445.44 1.16448e-05 4.87036e-11
1513.56 1.49198e-05 4.83172e-11
1584.89 1.91698e-05 4.794e-11
1659.59 2.46958e-05 4.75713e-11
1737.8 3.18941e-05 4.72108e-11
1819.7 4.12864e-05 4.68581e-11
1905.46 5.35604e-05 4.65127e-11
1995.26 6.96232e-05 4.61745e-11
2089.3 9.06716e-05 4.5843e-11
2187.76 0.000118286 4.55179e-11
2290.87 0.000154553 4.51989e-11
2398.83 0.00020223 4.48857e-11
2511.89 0.000264962 4.45782e-11
2630.27 0.000347566 4.4276e-11
2754.23 0.00045641 4.39788e-11
2884.03 0.000599916 4.36866e-11
3019.95 0.000789222 4.3399e-11
3162.28 0.00103906 4.31159e-11
3311.31 0.00136891 4.28371e-11
3467.37 0.00180455 4.25624e-11
3630.78 0.00238006 4.22916e-11
3801.89 0.00314056 4.20246e-11
3981.07 0.00414569 4.17612e-11
4168.69 0.00547439 4.15013e-11
4365.16 0.0072311 4.12447e-11
4570.88 0.00955402 4.09914e-11
4786.3 0.012626 4.07411e-11
5011.87 0.0166892 4.04938e-11
5248.07 0.0220641 4.02494e-11
5495.41 0.0291751 4.00078e-11
5754.4 0.0385846 3.97688e-11
6025.6 0.0510379 3.95324e-11
6309.57 0.0675232 3.92985e-11
6606.93 0.089352 3.9067e-11
6918.31 0.118265 3.88378e-11
7244.36 0.156577 3.86109e-11
7585.78 0.207364 3.83861e-11
7943.28 0.274726 3.81634e-11
8317.64 0.364126 3.79428e-11
8709.64 0.48286 3.77241e-11
9120.11 0.640684 3.75073e-11
9549.93 0.850669 3.72924e-11
10000 1.13036 3.70793e-11
