10.4713 7.38423e-07 3.42591e-07
10.9648 6.56605e-07 3.02188e-07
11.4815 5.84927e-07 2.66971e-07
12.0226 5.22046e-07 2.36237e-07
12.5893 4.66809e-07 2.09381e-07
13.1826 4.18219e-07 1.85883e-07
13.8038 3.75417e-07 1.65298e-07
14.4544 3.37661e-07 1.47241e-07
15.1356 3.0431e-07 1.3138e-07
15.8489 2.74809e-07 1.1743e-07
16.5959 2.48675e-07 1.05144e-07
17.378 2.25491e-07 9.43083e-08
18.197 2.04896e-07 7.56603e-08
19.0546 1.86573e-07 6.8105e-08
19.9526 1.70249e-07 6.14143e-08
20.893 1.55684e-07 5.54811e-08
21.8776 1.42672e-07 5.02122e-08
22.9087 1.31028e-07 4.55267e-08
23.9883 1.20596e-07 4.1354e-08
25.1189 1.11235e-07 3.76328e-08
26.3027 1.02824e-07 3.43096e-08
27.5423 9.52558e-08 3.13374e-08
28.8403 8.84365e-08 2.86755e-08
30.1995 7.34676e-08 2.62881e-08
31.6228 6.85043e-08 2.41438e-08
33.1131 6.40141e-08 2.22151e-08
34.6737 5.99467e-08 2.04778e-08
36.3078 5.62574e-08 3.88912e-09
38.0189 5.29069e-08 8.78015e-10
39.8107 4.98603e-08 6.14807e-10
41.6869 4.70868e-08 4.90785e-10
43.6516 4.45589e-08 4.14253e-10
45.7088 4.22522e-08 3.60804e-10
47.863 4.01451e-08 3.20708e-10
50.1187 3.82181e-08 2.89197e-10
52.4807 3.64541e-08 2.63614e-10
54.9541 3.48377e-08 2.42338e-10
57.544 3.33551e-08 2.24314e-10
60.256 3.19939e-08 2.08824e-10
63.0957 3.07431e-08 1.95352e-10
66.0693 2.95927e-08 1.83522e-10
69.1831 2.8534e-08 1.73048e-10
72.4436 2.75587e-08 1.63712e-10
75.8578 2.66597e-08 1.55341e-10
79.4328 2.58305e-08 1.47794e-10
83.1764 2.50651e-08 1.40962e-10
87.0964 2.43582e-08 1.34751e-10
91.2011 2.3705e-08 1.29084e-10
95.4993 2.31011e-08 1.23898e-10
100 2.25425e-08 1.19138e-10
104.713 2.20256e-08 1.14758e-10
109.648 2.15471e-08 1.10717e-10
114.815 2.11039e-08 1.06982e-10
120.226 2.06935e-08 1.03523e-10
125.893 2.03132e-08 1.00313e-10
131.826 1.99607e-08 9.73289e-11
138.038 1.9634e-08 9.4551e-11
144.544 1.93313e-08 9.19611e-11
151.356 1.90507e-08 8.95431e-11
158.489 2.43433e-09 8.7283e-11
165.959 1.64826e-09 8.51679e-11
173.78 1.45323e-09 8.31525e-11
181.97 1.95067e-08 8.09285e-11
190.546 2.07422e-08 7.89449e-11
199.526 2.21519e-08 7.7199e-11
208.93 2.37627e-08 7.56571e-11
218.776 2.56062e-08 7.42048e-11
229.087 2.77203e-08 7.28271e-11
239.883 3.015e-08 7.15187e-11
251.189 3.29494e-08 7.02743e-11
263.027 3.61836e-08 6.90896e-11
275.423 3.9931e-08 6.79601e-11
288.403 4.42864e-08 6.6882e-11
301.995 4.93652e-08 6.58518e-11
316.228 5.53075e-08 6.48662e-11
331.131 6.22849e-08 6.39221e-11
346.737 7.05074e-08 6.30167e-11
363.078 8.98617e-08 6.21474e-11
380.189 1.02797e-07 6.13119e-11
398.107 1.18215e-07 6.05079e-11
416.869 1.36668e-07 5.97334e-11
436.516 1.58839e-07 5.89865e-11
457.088 1.85586e-07 5.82655e-11
478.63 2.17984e-07 5.75687e-11
501.187 2.57385e-07 5.68945e-11
524.807 3.05498e-07 5.62417e-11
549.541 3.64484e-07 5.56089e-11
575.44 4.37092e-07 5.49948e-11
602.56 5.2682e-07 5.43984e-11
630.957 6.38139e-07 5.38187e-11
660.693 7.76778e-07 5.32546e-11
691.831 9.50086e-07 5.27052e-11
724.436 1.17232e-06 5.21698e-11
758.578 1.44726e-06 5.16475e-11
794.328 1.79468e-06 5.11375e-11
831.764 2.23645e-06 5.06393e-11
870.964 2.80016e-06 5.01522e-11
912.011 3.52004e-06 4.96755e-11
954.993 4.44213e-06 4.92088e-11
1000 5.62661e-06 4.87515e-11
1047.13 7.15232e-06 4.83032e-11
1096.48 9.12269e-06 4.78633e-11
1148.15 1.16736e-05 4.74315e-11
1202.26 1.49839e-05 4.70074e-11
1258.93 1.92889e-05 4.65907e-11
1318.26 2.48991e-05 4.61809e-11
1380.38 3.22244e-05 4.57778e-11
1445.44 4.18062e-05 4.5381e-11
1513.56 5.43602e-05 4.49903e-11
1584.89 7.08337e-05 4.46054e-11
1659.59 9.24807e-05 4.42262e-11
1737.8 0.000120963 4.38522e-11
1819.7 0.000158482 4.34834e-11
1905.46 0.000207957 4.31195e-11
1995.26 0.000273261 4.27603e-11
2089.3 0.000359532 4.24057e-11
2187.76 0.000473587 4.20555e-11
2290.87 0.000624479 4.17096e-11
2398.83 0.000824221 4.13677e-11
2511.89 0.00108877 4.10297e-11
2630.27 0.0014393 4.06956e-11
2754.23 0.00190395 4.03651e-11
2884.03 0.00252008 4.00382e-11
3019.95 0.00333732 3.97148e-11
3162.28 0.00442156 3.93948e-11
3311.31 0.00586036 3.9078e-11
3467.37 0.00777005 3.87643e-11
3630.78 0.0103052 3.84538e-11
3801.89 0.0136711 3.81462e-11
3981.07 0.0181408 3.78416e-11
4168.69 0.0240772 3.75398e-11
4365.16 0.031963 3.72408e-11
4570.88 0.0424403 3.69444e-11
4786.3 0.0563639 3.66508e-11
5011.87 0.0748721 3.63597e-11
5248.07 0.0994818 3.60711e-11
5495.41 0.132216 3.5785e-11
5754.4 0.175776 3.55013e-11
6025.6 0.233771 3.522e-11
6309.57 0.311027 3.4941e-11
6606.93 0.414012 3.46642e-11
6918.31 0.551404 3.43897e-11
7244.36 0.734866 3.41174e-11
7585.78 0.980101 3.38473e-11
7943.28 1.3083 3.35793e-11
8317.64 1.74815 3.33133e-11
8709.64 2.33855 3.30494e-11
9120.11 3.13243 3.27875e-11
9549.93 4.20209 3.25276e-11
10000 5.64658 3.22696e-11
