10.4713 4.69196e-07 4.29711e-07
10.9648 4.17062e-07 3.79988e-07
11.4815 3.71443e-07 3.36559e-07
12.0226 3.31473e-07 2.9858e-07
12.5893 2.96407e-07 2.65323e-07
13.1826 2.65602e-07 2.36163e-07
13.8038 2.38505e-07 2.10562e-07
14.4544 2.14638e-07 1.88054e-07
15.1356 1.93587e-07 1.6824e-07
15.8489 1.74996e-07 1.50773e-07
16.5959 1.58557e-07 1.35354e-07
17.378 1.44001e-07 1.21723e-07
18.197 1.31095e-07 1.09656e-07
19.0546 1.1964e-07 9.89586e-08
19.9526 1.09459e-07 8.94616e-08
20.893 1.00399e-07 7.23375e-08
21.8776 9.23127e-08 6.5625e-08
22.9087 7.59446e-08 5.96395e-08
23.9883 7.01252e-08 5.42943e-08
25.1189 6.48899e-08 4.95137e-08
26.3027 6.01736e-08 4.52318e-08
27.5423 5.5919e-08 4.13905e-08
28.8403 5.20756e-08 3.79393e-08
30.1995 4.85991e-08 3.48337e-08
31.6228 4.545e-08 3.20348e-08
33.1131 4.25937e-08 2.95083e-08
34.6737 3.99993e-08 2.72239e-08
36.3078 3.76397e-08 2.51552e-08
38.0189 3.54905e-08 2.32787e-08
39.8107 3.35302e-08 2.15739e-08
41.6869 3.17397e-08 2.00223e-08
43.6516 3.0102e-08 1.7671e-09
45.7088 2.86014e-08 8.7113e-10
47.863 2.73072e-08 6.3593e-10
50.1187 2.62239e-08 5.15927e-10
52.4807 2.51661e-08 4.39681e-10
54.9541 2.41815e-08 3.85674e-10
57.544 2.32716e-08 3.44851e-10
60.256 2.24327e-08 3.12601e-10
63.0957 2.16602e-08 2.86309e-10
66.0693 2.09489e-08 2.64369e-10
69.1831 2.02943e-08 2.45728e-10
72.4436 1.96919e-08 2.2966e-10
75.8578 1.91375e-08 2.15649e-10
79.4328 1.81401e-09 2.03312e-10
83.1764 1.19633e-09 1.92361e-10
87.0964 9.6119e-10 1.82573e-10
91.2011 8.28349e-10 1.73773e-10
95.4993 7.40552e-10 1.65821e-10
100 6.77339e-10 1.58602e-10
104.713 6.29308e-10 1.52023e-10
109.648 5.91447e-10 1.46007e-10
114.815 5.60804e-10 1.40488e-10
120.226 5.35509e-10 1.35413e-10
125.893 5.14349e-10 1.30736e-10
131.826 4.96375e-10 1.26414e-10
138.038 4.80999e-10 1.22415e-10
144.544 4.67741e-10 1.18709e-10
151.356 4.56266e-10 1.15271e-10
158.489 4.46287e-10 1.1208e-10
165.959 4.37584e-10 1.09115e-10
173.78 4.33201e-10 1.06297e-10
181.97 4.72558e-10 1.02948e-10
190.546 5.26547e-10 9.98069e-11
199.526 6.05671e-10 9.68608e-11
208.93 7.36005e-10 9.40996e-11
218.776 1.01268e-09 9.15145e-11
229.087 3.12227e-09 8.90985e-11
239.883 2.00338e-08 8.68456e-11
251.189 2.13582e-08 8.47515e-11
263.027 2.28663e-08 8.2813e-11
275.423 2.45862e-08 8.10284e-11
288.403 2.65516e-08 7.93972e-11
301.995 2.88025e-08 7.79204e-11
316.228 3.13865e-08 7.65549e-11
331.131 3.43611e-08 7.52603e-11
346.737 3.77949e-08 7.40321e-11
363.078 4.17708e-08 7.28661e-11
380.189 4.63894e-08 7.17586e-11
398.107 5.17721e-08 7.07058e-11
416.869 5.80674e-08 6.97045e-11
436.516 6.54562e-08 6.87515e-11
457.088 7.41602e-08 6.7844e-11
478.63 9.45865e-08 6.69793e-11
501.187 1.08269e-07 6.61549e-11
524.807 1.24573e-07 6.53683e-11
549.541 1.44076e-07 6.46175e-11
575.44 1.67501e-07 6.39003e-11
602.56 1.95748e-07 6.32149e-11
630.957 2.29945e-07 6.25594e-11
660.693 2.71512e-07 6.19321e-11
691.831 3.22238e-07 6.13315e-11
724.436 3.85651e-07 6.0756e-11
758.578 4.62358e-07 6.02043e-11
794.328 5.57074e-07 5.9675e-11
831.764 6.74479e-07 5.9167e-11
870.964 8.20546e-07 5.8679e-11
912.011 1.00295e-06 5.82099e-11
954.993 1.23153e-06 5.77588e-11
1000 1.519e-06 5.73247e-11
1047.13 1.88175e-06 5.69065e-11
1096.48 2.341e-06 5.65036e-11
1148.15 2.92424e-06 5.6115e-11
1202.26 3.66723e-06 5.57401e-11
1258.93 4.61646e-06 5.5378e-11
1318.26 5.83341e-06 5.50282e-11
1380.38 7.40265e-06 5.46899e-11
1445.44 9.42482e-06 5.43626e-11
1513.56 1.20368e-05 5.40456e-11
1584.89 1.5418e-05 5.37385e-11
1659.59 1.98041e-05 5.34408e-11
1737.8 2.55049e-05 5.31519e-11
1819.7 3.29276e-05 5.28714e-11
1905.46 4.26089e-05 5.25988e-11
1995.26 5.52553e-05 5.23339e-11
2089.3 7.17987e-05 5.20761e-11
2187.76 9.34684e-05 5.18251e-11
2290.87 0.000121886 5.15806e-11
2398.83 0.000159195 5.13422e-11
2511.89 0.000208224 5.11097e-11
2630.27 0.000272712 5.08827e-11
2754.23 0.0003576 5.06609e-11
2884.03 0.000469419 5.04442e-11
3019.95 0.000616807 5.02323e-11
3162.28 0.000811182 5.00248e-11
3311.31 0.00106765 4.98217e-11
3467.37 0.00140618 4.96226e-11
3630.78 0.00185321 4.94275e-11
3801.89 0.00244368 4.9236e-11
3981.07 0.00322384 4.90481e-11
4168.69 0.00425487 4.88635e-11
4365.16 0.00561772 4.86822e-11
4570.88 0.00741952 4.85038e-11
4786.3 0.00980205 4.83284e-11
5011.87 0.012953 4.81557e-11
5248.07 0.0171209 4.79857e-11
5495.41 0.0226348 4.78181e-11
5754.4 0.0299307 4.7653e-11
6025.6 0.0395865 4.74901e-11
6309.57 0.0523682 4.73294e-11
6606.93 0.0692922 4.71708e-11
6918.31 0.0917078 4.70141e-11
7244.36 0.121407 4.68594e-11
7585.78 0.160774 4.67065e-11
7943.28 0.212979 4.65552e-11
8317.64 0.282251 4.64057e-11
8709.64 0.374226 4.62577e-11
9120.11 0.496439 4.61112e-11
9549.93 0.658975 4.59661e-11
10000 0.875353 4.58225e-11
