10 0.0733971 0.0733335 0.0736814 0.0735178 0.0734119
10.3514 0.0747531 0.0746952 0.0750592 0.07489 0.0747797
10.7152 0.0761195 0.0760676 0.0764478 0.076273 0.0761582
11.0917 0.0774956 0.0774501 0.0778468 0.0776662 0.0775467
11.4815 0.0788811 0.0788423 0.0792556 0.079069 0.0789447
11.885 0.0802753 0.0802435 0.0806737 0.0804809 0.0803517
12.3027 0.0816776 0.0816532 0.0821003 0.0819013 0.081767
12.735 0.0830873 0.0830708 0.0835349 0.0833294 0.0831899
13.1826 0.084504 0.0844955 0.0849768 0.0847647 0.0846199
13.6458 0.0859268 0.0859268 0.0864253 0.0862065 0.0860562
14.1254 0.0873552 0.087364 0.0878797 0.087654 0.0874982
14.6218 0.0887883 0.0888064 0.0893393 0.0891066 0.0889451
15.1356 0.0902256 0.0902533 0.0908033 0.0905635 0.0903962
15.6675 0.0916663 0.091704 0.0922711 0.092024 0.0918507
16.2181 0.0931097 0.0931576 0.0937417 0.0934872 0.0933078
16.788 0.0945549 0.0946136 0.0952144 0.0949524 0.0947668
17.378 0.0960012 0.096071 0.0966884 0.0964188 0.096227
17.9887 0.0974479 0.0975291 0.0981629 0.0978856 0.0976873
18.6209 0.0988942 0.0989871 0.0996371 0.0993519 0.0991472
19.2752 0.100339 0.100444 0.10111 0.100817 0.100606
19.9526 0.101782 0.1019 0.102581 0.10228 0.102062
20.6538 0.103222 0.103353 0.104049 0.10374 0.103515
21.3796 0.104659 0.104802 0.105513 0.105196 0.104964
22.1309 0.106091 0.106248 0.106973 0.106647 0.106409
22.9087 0.107518 0.107689 0.108427 0.108093 0.107848
23.7137 0.108939 0.109123 0.109875 0.109533 0.109281
24.5471 0.110353 0.110552 0.111316 0.110965 0.110706
25.4097 0.111759 0.111973 0.112749 0.11239 0.112124
26.3027 0.113158 0.113386 0.114173 0.113806 0.113533
27.227 0.114547 0.11479 0.115587 0.115212 0.114932
28.1838 0.115927 0.116185 0.116991 0.116608 0.116321
29.1743 0.117296 0.11757 0.118384 0.117993 0.117699
30.1995 0.118654 0.118943 0.119766 0.119366 0.119066
31.2608 0.120001 0.120306 0.121134 0.120726 0.12042
32.3594 0.121335 0.121655 0.12249 0.122074 0.121761
33.4965 0.122656 0.122993 0.123832 0.123408 0.123088
34.6737 0.123965 0.124316 0.125159 0.124728 0.124401
35.8922 0.125259 0.125626 0.126471 0.126032 0.1257
37.1535 0.12654 0.126922 0.127768 0.127322 0.126984
38.4592 0.127805 0.128203 0.129049 0.128596 0.128252
39.8107 0.129056 0.129469 0.130314 0.129854 0.129505
41.2098 0.130292 0.13072 0.131562 0.131096 0.130741
42.658 0.131513 0.131955 0.132793 0.132321 0.131961
44.157 0.132593 0.133174 0.134007 0.133529 0.133165
45.7088 0.133641 0.134344 0.135204 0.134721 0.134293
47.3151 0.134708 0.135331 0.136384 0.135744 0.135279
48.9779 0.135766 0.136388 0.137336 0.136762 0.136317
50.6991 0.13681 0.137441 0.138356 0.137792 0.13735
52.4807 0.137837 0.138481 0.139376 0.138812 0.138368
54.325 0.138844 0.139503 0.140381 0.139815 0.139369
56.2341 0.139831 0.140506 0.14137 0.140799 0.140349
58.2103 0.140797 0.141488 0.142337 0.141762 0.141308
60.256 0.141741 0.14245 0.143284 0.142703 0.142245
62.3735 0.142664 0.14339 0.144208 0.143623 0.14316
64.5654 0.143564 0.144308 0.14511 0.144519 0.144052
66.8344 0.144442 0.145203 0.145988 0.145393 0.144921
69.1831 0.145298 0.146076 0.146843 0.146243 0.145767
71.6143 0.146131 0.146926 0.147674 0.147069 0.14659
74.131 0.146941 0.147754 0.148482 0.147872 0.147389
76.7361 0.147728 0.148559 0.149265 0.148652 0.148165
79.4328 0.148493 0.149341 0.150025 0.149408 0.148917
82.2243 0.149236 0.1501 0.150762 0.150141 0.149646
85.1138 0.149956 0.150836 0.151475 0.15085 0.150353
88.1049 0.150653 0.151551 0.152164 0.151536 0.151036
91.2011 0.151329 0.152243 0.152831 0.1522 0.151697
94.4061 0.151983 0.152912 0.153474 0.152841 0.152335
97.7237 0.152615 0.15356 0.154095 0.153459 0.152951
101.158 0.153226 0.154187 0.154694 0.154055 0.153545
104.713 0.153817 0.154792 0.15527 0.15463 0.154118
108.393 0.154386 0.155376 0.155825 0.155183 0.154669
112.202 0.154935 0.155939 0.156358 0.155715 0.1552
116.145 0.155464 0.156482 0.156871 0.156226 0.15571
120.226 0.155973 0.157005 0.157363 0.156717 0.1562
124.451 0.156463 0.157508 0.157834 0.157187 0.15667
128.825 0.156934 0.157992 0.158286 0.157638 0.157121
133.352 0.157387 0.158458 0.158718 0.158071 0.157553
138.038 0.157822 0.158905 0.159132 0.158485 0.157967
142.889 0.158239 0.159335 0.159528 0.158881 0.158363
147.911 0.15864 0.159747 0.159906 0.159259 0.158741
153.109 0.159023 0.160141 0.160266 0.15962 0.159103
158.489 0.15939 0.16052 0.16061 0.159965 0.159448
164.059 0.159742 0.160882 0.160937 0.160293 0.159777
169.824 0.160078 0.161228 0.161248 0.160605 0.16009
175.792 0.160399 0.161559 0.161543 0.160902 0.160389
181.97 0.160705 0.161875 0.161824 0.161185 0.160673
188.365 0.160998 0.162177 0.16209 0.161453 0.160942
194.984 0.161277 0.162465 0.162342 0.161707 0.161198
201.837 0.161543 0.16274 0.162581 0.161948 0.161441
208.93 0.161797 0.163001 0.162806 0.162176 0.161671
216.272 0.162038 0.16325 0.163019 0.162391 0.161889
223.872 0.162267 0.163487 0.16322 0.162595 0.162095
231.739 0.162485 0.163713 0.163409 0.162787 0.16229
239.883 0.162692 0.163926 0.163587 0.162968 0.162473
248.313 0.162888 0.16413 0.163754 0.163138 0.162646
257.04 0.163074 0.164322 0.163911 0.163298 0.162809
266.073 0.16325 0.164505 0.164057 0.163449 0.162962
275.423 0.163417 0.164678 0.164195 0.163589 0.163106
285.102 0.163575 0.164841 0.164323 0.163721 0.163241
295.121 0.163724 0.164996 0.164442 0.163844 0.163368
305.492 0.163865 0.165142 0.164553 0.163959 0.163486
316.228 0.163998 0.16528 0.164656 0.164066 0.163597
327.341 0.164124 0.165411 0.164751 0.164166 0.1637
338.844 0.164242 0.165533 0.164839 0.164258 0.163795
350.752 0.164353 0.165649 0.16492 0.164343 0.163884
363.078 0.164457 0.165757 0.164995 0.164422 0.163967
375.837 0.164555 0.165859 0.165063 0.164495 0.164043
389.045 0.164647 0.165955 0.165125 0.164561 0.164114
402.717 0.164733 0.166045 0.165181 0.164622 0.164179
416.869 0.164814 0.166129 0.165232 0.164678 0.164238
431.519 0.164889 0.166208 0.165278 0.164728 0.164293
446.684 0.16496 0.166281 0.165319 0.164773 0.164342
462.381 0.165025 0.16635 0.165355 0.164814 0.164387
478.63 0.165086 0.166413 0.165387 0.164851 0.164428
495.45 0.165143 0.166473 0.165414 0.164883 0.164465
512.861 0.165195 0.166528 0.165438 0.164912 0.164497
530.884 0.165244 0.166579 0.165458 0.164937 0.164526
549.541 0.165289 0.166626 0.165474 0.164958 0.164552
568.853 0.16533 0.166669 0.165487 0.164976 0.164574
588.844 0.165368 0.166709 0.165497 0.164991 0.164593
609.537 0.165403 0.166746 0.165504 0.165002 0.164609
630.957 0.165434 0.16678 0.165508 0.165011 0.164623
653.131 0.165463 0.16681 0.165509 0.165018 0.164633
676.083 0.165489 0.166838 0.165508 0.165022 0.164642
699.842 0.165513 0.166863 0.165505 0.165023 0.164648
724.436 0.165534 0.166886 0.165499 0.165023 0.164651
749.894 0.165553 0.166906 0.165491 0.16502 0.164653
776.247 0.165569 0.166924 0.165482 0.165015 0.164653
803.526 0.165584 0.16694 0.16547 0.165009 0.164651
831.764 0.165597 0.166953 0.165457 0.165001 0.164647
860.994 0.165607 0.166965 0.165442 0.164991 0.164642
891.251 0.165617 0.166975 0.165426 0.16498 0.164635
922.571 0.165624 0.166984 0.165408 0.164967 0.164627
954.993 0.16563 0.16699 0.165389 0.164953 0.164617
988.553 0.165634 0.166996 0.165369 0.164938 0.164606
1023.29 0.165637 0.166999 0.165348 0.164921 0.164594
1059.25 0.165639 0.167002 0.165326 0.164904 0.164581
1096.48 0.165639 0.167003 0.165302 0.164885 0.164567
1135.01 0.165638 0.167003 0.165278 0.164866 0.164552
1174.9 0.165637 0.167002 0.165253 0.164846 0.164536
1216.19 0.165634 0.167 0.165227 0.164825 0.16452
1258.93 0.16563 0.166996 0.165201 0.164803 0.164502
1303.17 0.165625 0.166992 0.165173 0.164781 0.164484
1348.96 0.16562 0.166987 0.165146 0.164758 0.164465
1396.37 0.165613 0.166981 0.165117 0.164734 0.164446
1445.44 0.165606 0.166974 0.165088 0.16471 0.164426
1496.24 0.165598 0.166967 0.165059 0.164686 0.164406
1548.82 0.16559 0.166959 0.165029 0.164661 0.164385
1603.25 0.16558 0.16695 0.164999 0.164635 0.164364
1659.59 0.165571 0.16694 0.164969 0.16461 0.164342
1717.91 0.16556 0.16693 0.164938 0.164584 0.16432
1778.28 0.165549 0.16692 0.164907 0.164557 0.164298
1840.77 0.165538 0.166909 0.164875 0.16453 0.164276
1905.46 0.165526 0.166897 0.164844 0.164504 0.164253
1972.42 0.165514 0.166885 0.164812 0.164476 0.16423
2041.74 0.165501 0.166872 0.16478 0.164449 0.164207
2113.49 0.165488 0.166859 0.164748 0.164422 0.164183
2187.76 0.165475 0.166846 0.164716 0.164394 0.16416
2264.64 0.165461 0.166833 0.164684 0.164366 0.164136
2344.23 0.165447 0.166819 0.164652 0.164339 0.164112
2426.61 0.165432 0.166804 0.164619 0.164311 0.164089
2511.89 0.165418 0.16679 0.164587 0.164283 0.164065
2600.16 0.165403 0.166775 0.164555 0.164255 0.164041
2691.53 0.165388 0.16676 0.164522 0.164227 0.164016
2786.12 0.165372 0.166745 0.16449 0.164199 0.163992
2884.03 0.165357 0.166729 0.164458 0.164171 0.163968
2985.38 0.165341 0.166714 0.164425 0.164143 0.163944
3090.3 0.165325 0.166698 0.164393 0.164115 0.16392
3198.9 0.165309 0.166682 0.164361 0.164087 0.163896
3311.31 0.165292 0.166665 0.164328 0.164059 0.163872
3427.68 0.165276 0.166649 0.164296 0.164031 0.163848
3548.13 0.165259 0.166632 0.164264 0.164003 0.163824
3672.82 0.165242 0.166616 0.164232 0.163976 0.1638
3801.89 0.165226 0.166599 0.164201 0.163948 0.163776
3935.5 0.165209 0.166582 0.164169 0.163921 0.163752
4073.8 0.165192 0.166565 0.164137 0.163893 0.163728
4216.97 0.165174 0.166548 0.164106 0.163866 0.163705
4365.16 0.165157 0.16653 0.164074 0.163838 0.163681
4518.56 0.16514 0.166513 0.164043 0.163811 0.163658
4677.35 0.165122 0.166496 0.164012 0.163784 0.163634
4841.72 0.165105 0.166478 0.163981 0.163757 0.163611
5011.87 0.165087 0.166461 0.16395 0.163731 0.163588
5188 0.16507 0.166443 0.16392 0.163704 0.163565
5370.32 0.165052 0.166425 0.163889 0.163677 0.163542
5559.04 0.165034 0.166407 0.163859 0.163651 0.163519
5754.4 0.165016 0.16639 0.163829 0.163625 0.163496
5956.62 0.164998 0.166372 0.163799 0.163598 0.163474
6165.95 0.16498 0.166354 0.163769 0.163572 0.163451
6382.63 0.164962 0.166336 0.163739 0.163547 0.163429
6606.93 0.164945 0.166318 0.16371 0.163521 0.163406
6839.12 0.164926 0.1663 0.16368 0.163495 0.163384
7079.46 0.164908 0.166282 0.163651 0.16347 0.163362
7328.25 0.16489 0.166264 0.163622 0.163445 0.163341
7585.78 0.164872 0.166246 0.163593 0.16342 0.163319
7852.36 0.164854 0.166227 0.163564 0.163395 0.163297
8128.31 0.164836 0.166209 0.163536 0.16337 0.163276
8413.95 0.164818 0.166191 0.163508 0.163345 0.163255
8709.64 0.1648 0.166173 0.163479 0.163321 0.163233
9015.71 0.164781 0.166155 0.163451 0.163296 0.163212
9332.54 0.164763 0.166136 0.163424 0.163272 0.163192
9660.51 0.164745 0.166118 0.163396 0.163248 0.163171
10000 0.164727 0.1661 0.163368 0.163224 0.16315
