10 0.0446393 0.0658508 0.169895 0.136309 0.109556
10.3514 0.0453482 0.0670483 0.171697 0.137743 0.11063
10.7152 0.0460566 0.0682545 0.173494 0.139168 0.111689
11.0917 0.046764 0.0694689 0.175287 0.140584 0.112733
11.4815 0.0474699 0.0706912 0.177073 0.14199 0.113759
11.885 0.0481736 0.0719208 0.178852 0.143385 0.114765
12.3027 0.0488746 0.0731574 0.180622 0.144766 0.115752
12.735 0.0495723 0.0744004 0.182384 0.146134 0.116716
13.1826 0.0502661 0.0756495 0.184135 0.147488 0.117656
13.6458 0.0509553 0.0769042 0.185874 0.148825 0.118571
14.1254 0.0516394 0.078164 0.187602 0.150145 0.119458
14.6218 0.0523177 0.0794285 0.189316 0.151447 0.120317
15.1356 0.0529896 0.0806972 0.191015 0.15273 0.121144
15.6675 0.0536544 0.0819697 0.192699 0.153991 0.121938
16.2181 0.0543116 0.0832454 0.194366 0.155231 0.122696
16.788 0.0549603 0.0845241 0.196016 0.156447 0.123416
17.378 0.0556001 0.0858053 0.197648 0.157639 0.124096
17.9887 0.0562303 0.0870885 0.199259 0.158805 0.124733
18.6209 0.0568502 0.0883735 0.20085 0.159944 0.125323
19.2752 0.0574591 0.0896598 0.20242 0.161055 0.125864
19.9526 0.0580566 0.0909471 0.203967 0.162137 0.126352
20.6538 0.0586418 0.0922352 0.20549 0.163187 0.126782
21.3796 0.0592143 0.0935238 0.206989 0.164206 0.12715
22.1309 0.0597734 0.0948127 0.208462 0.165191 0.12745
22.9087 0.0603186 0.0961016 0.209909 0.166141 0.127673
23.7137 0.0608493 0.0973906 0.211329 0.167055 0.127812
24.5471 0.0613649 0.0986794 0.212721 0.167932 0.127851
25.4097 0.0618649 0.0999682 0.214084 0.168771 0.12777
26.3027 0.0623489 0.101257 0.215418 0.169569 0.127524
27.227 0.0628163 0.102546 0.216721 0.170327 0.1269
28.1838 0.0632667 0.103835 0.217994 0.171042 0.126323
29.1743 0.0636998 0.105125 0.219235 0.171713 0.125891
30.1995 0.064115 0.106416 0.220443 0.172339 0.12549
31.2608 0.0645121 0.107708 0.221619 0.172919 0.125094
32.3594 0.0648907 0.109003 0.222762 0.17345 0.124686
33.4965 0.0652506 0.1103 0.223871 0.173933 0.124259
34.6737 0.0655915 0.111601 0.224945 0.174365 0.123808
35.8922 0.0659132 0.112907 0.225985 0.174746 0.123328
37.1535 0.0662156 0.114218 0.22699 0.175073 0.122816
38.4592 0.0664985 0.115537 0.227961 0.175345 0.122271
39.8107 0.0667619 0.116865 0.228895 0.175561 0.121691
41.2098 0.0670058 0.118203 0.229795 0.175719 0.121074
42.658 0.0672301 0.119553 0.230658 0.175817 0.120419
44.157 0.067435 0.120918 0.231486 0.175854 0.119726
45.7088 0.0676205 0.122299 0.232278 0.175828 0.118994
47.3151 0.0677869 0.1237 0.233034 0.175736 0.118222
48.9779 0.0679343 0.125124 0.233755 0.175578 0.11741
50.6991 0.0680631 0.126575 0.23444 0.175349 0.116559
52.4807 0.0681735 0.128055 0.235091 0.175048 0.115667
54.325 0.0682659 0.129569 0.235705 0.174672 0.114736
56.2341 0.0683407 0.131123 0.236286 0.174217 0.113765
58.2103 0.0683984 0.132721 0.236831 0.17368 0.112754
60.256 0.0684396 0.134371 0.237343 0.173056 0.111705
62.3735 0.0684647 0.136079 0.237821 0.17234 0.110616
64.5654 0.0684745 0.137854 0.238265 0.171526 0.10949
66.8344 0.0684695 0.139705 0.238677 0.170606 0.108326
69.1831 0.0684506 0.141644 0.239056 0.16957 0.107126
71.6143 0.0684183 0.143686 0.239404 0.168405 0.105889
74.131 0.0683737 0.145847 0.239721 0.167091 0.104618
76.7361 0.0683174 0.148149 0.240007 0.165601 0.103312
79.4328 0.0682505 0.150622 0.240263 0.16388 0.101974
82.2243 0.0681738 0.15331 0.24049 0.161794 0.100603
85.1138 0.0680883 0.156286 0.240689 0.159036 0.0992015
88.1049 0.0679951 0.159722 0.240859 0.156805 0.0977706
91.2011 0.0678952 0.164033 0.241003 0.154751 0.0963115
94.4061 0.0677897 0.167824 0.24112 0.152777 0.0948257
97.7237 0.0676797 0.171467 0.241212 0.150842 0.0933146
101.158 0.0675664 0.175079 0.241279 0.148927 0.0917799
104.713 0.067451 0.178704 0.241322 0.147021 0.0902233
108.393 0.0673348 0.182366 0.241342 0.145115 0.0886464
112.202 0.067219 0.18608 0.241339 0.143204 0.0870513
116.145 0.0671048 0.189857 0.241315 0.141285 0.0854397
120.226 0.0669938 0.193704 0.241269 0.139356 0.0838139
124.451 0.0668872 0.197628 0.241204 0.137413 0.0821758
128.825 0.0667864 0.201634 0.24112 0.135457 0.0805278
133.352 0.066693 0.205726 0.241018 0.133487 0.0788723
138.038 0.0666083 0.209908 0.240897 0.131502 0.0772117
142.889 0.066534 0.214182 0.24076 0.129502 0.0755485
147.911 0.0664716 0.218552 0.240608 0.127487 0.0738857
153.109 0.0664229 0.223018 0.240439 0.125457 0.0722259
158.489 0.0663894 0.227582 0.240257 0.123414 0.0705722
164.059 0.066373 0.232246 0.240061 0.121357 0.0689277
169.824 0.0663756 0.23701 0.239852 0.119287 0.0672957
175.792 0.0663992 0.241875 0.239631 0.117205 0.0656797
181.97 0.0664458 0.24684 0.239398 0.115113 0.0640833
188.365 0.0665176 0.251904 0.239155 0.113011 0.0625103
194.984 0.0666171 0.257068 0.238902 0.1109 0.0609647
201.837 0.0667467 0.262329 0.23864 0.108782 0.0594508
208.93 0.0669094 0.267686 0.238369 0.106657 0.0579729
216.272 0.0671081 0.273136 0.23809 0.104529 0.0565356
223.872 0.0673461 0.278678 0.237804 0.102397 0.055144
231.739 0.0676272 0.284307 0.237512 0.100264 0.0538031
239.883 0.0679554 0.29002 0.237213 0.0981318 0.0525183
248.313 0.0683354 0.295813 0.236909 0.0960018 0.0512954
257.04 0.0687722 0.301681 0.2366 0.0938761 0.0501405
266.073 0.0692718 0.30762 0.236288 0.0917568 0.0490597
275.423 0.0698407 0.313623 0.235971 0.0896461 0.0480599
285.102 0.0704866 0.319683 0.235651 0.0875464 0.0471482
295.121 0.0712181 0.325795 0.235329 0.08546 0.0463318
305.492 0.0720452 0.331951 0.235005 0.0833897 0.0456188
316.228 0.0729794 0.338142 0.23468 0.0813381 0.0450174
327.341 0.0740341 0.344361 0.234353 0.0793081 0.0445364
338.844 0.0752249 0.350598 0.234026 0.0773028 0.044185
350.752 0.07657 0.356844 0.233699 0.0753255 0.0439732
363.078 0.0780909 0.363087 0.233372 0.0733794 0.0439111
375.837 0.0798128 0.369319 0.233046 0.0714682 0.0440098
389.045 0.0817658 0.375526 0.232721 0.0695958 0.0442809
402.717 0.0839855 0.381698 0.232399 0.067766 0.0447366
416.869 0.0865153 0.387822 0.232078 0.0659833 0.04539
431.519 0.0894074 0.393885 0.23176 0.0642519 0.0462546
446.684 0.0927262 0.399875 0.231444 0.0625767 0.0473452
462.381 0.0965518 0.405776 0.231132 0.0609627 0.0486771
478.63 0.100986 0.411576 0.230824 0.0594152 0.0502667
495.45 0.106161 0.417259 0.23052 0.0579398 0.0521312
512.861 0.112257 0.422811 0.23022 0.0565423 0.0542891
530.884 0.119528 0.428218 0.229925 0.0552291 0.0567599
549.541 0.128368 0.433463 0.229635 0.0540067 0.0595642
568.853 0.13949 0.438531 0.22935 0.0528823 0.062724
588.844 0.154802 0.443408 0.229071 0.0518631 0.0662626
609.537 0.176821 0.448078 0.228799 0.0509571 0.0702049
630.957 0.192668 0.452524 0.228532 0.0501725 0.074577
653.131 0.20654 0.456733 0.228273 0.0495181 0.0794071
676.083 0.219342 0.460688 0.22802 0.0490032 0.084725
699.842 0.231423 0.464376 0.227775 0.0486377 0.0905623
724.436 0.242961 0.467782 0.227537 0.0484321 0.0969529
749.894 0.254056 0.470891 0.227308 0.0483972 0.103933
776.247 0.264766 0.473691 0.227086 0.0485449 0.11154
803.526 0.275128 0.476168 0.226873 0.0488875 0.119816
831.764 0.285162 0.478311 0.226669 0.0494382 0.128805
860.994 0.294877 0.480108 0.226474 0.0502108 0.138552
891.251 0.304278 0.481549 0.226288 0.0512201 0.149109
922.571 0.313361 0.482625 0.226112 0.0524817 0.160529
954.993 0.322121 0.483327 0.225946 0.0540121 0.172868
988.553 0.330548 0.483647 0.22579 0.055829 0.18619
1023.29 0.338631 0.483581 0.225644 0.057951 0.200558
1059.25 0.346358 0.483122 0.225509 0.0603978 0.216046
1096.48 0.353715 0.482268 0.225385 0.0631905 0.232729
1135.01 0.360687 0.481016 0.225272 0.0663512 0.25069
1174.9 0.36726 0.479366 0.225171 0.0699036 0.270017
1216.19 0.373419 0.477319 0.225082 0.073873 0.290808
1258.93 0.379148 0.474876 0.225005 0.0782859 0.313166
1303.17 0.384435 0.472042 0.22494 0.0831707 0.337206
1348.96 0.389265 0.468821 0.224887 0.0885577 0.363051
1396.37 0.393626 0.46522 0.224848 0.094479 0.390835
1445.44 0.397506 0.461248 0.224821 0.100969 0.420707
1496.24 0.400895 0.456913 0.224808 0.108064 0.45283
1548.82 0.403783 0.452227 0.224809 0.115802 0.487384
1603.25 0.406163 0.447202 0.224823 0.124226 0.524568
1659.59 0.40803 0.441851 0.224852 0.133379 0.564604
1717.91 0.409378 0.436188 0.224895 0.143308 0.607745
1778.28 0.410206 0.43023 0.224952 0.154065 0.654273
1840.77 0.410514 0.423993 0.225025 0.165702 0.704516
1905.46 0.410302 0.417494 0.225112 0.178278 0.758852
1972.42 0.409576 0.410751 0.225215 0.191855 0.817729
2041.74 0.408339 0.403783 0.225334 0.206498 0.881689
2113.49 0.406601 0.39661 0.225468 0.22228 0.9514
2187.76 0.404372 0.389251 0.225619 0.239277 1.0277
2264.64 0.401662 0.381726 0.225786 0.257571 1.11156
2344.23 0.398486 0.374056 0.225969 0.277252 1.20057
2426.61 0.39486 0.366259 0.22617 0.298416 1.32921
2511.89 0.390801 0.358356 0.226387 0.321167 1.46008
2600.16 0.386327 0.350368 0.226621 0.345617 1.58507
2691.53 0.381461 0.342312 0.226873 0.371891 1.69416
2786.12 0.376222 0.334209 0.227143 0.400121 1.78806
2884.03 0.370636 0.326076 0.227431 0.430454 1.88544
2985.38 0.364725 0.317931 0.227736 0.463051 1.98633
3090.3 0.358515 0.309791 0.22806 0.498089 2.09074
3198.9 0.352031 0.301673 0.228402 0.535763 2.19867
3311.31 0.345299 0.293592 0.228763 0.576292 2.31009
3427.68 0.338346 0.285563 0.229142 0.619921 2.42494
3548.13 0.331199 0.277599 0.229541 0.666925 2.54313
3672.82 0.323883 0.269713 0.229958 0.717618 2.66452
3801.89 0.316424 0.261917 0.230395 0.772366 2.78891
3935.5 0.308848 0.254222 0.230851 0.831594 2.91604
4073.8 0.30118 0.246638 0.231326 0.895812 3.04554
4216.97 0.293445 0.239173 0.231821 0.965645 3.17691
4365.16 0.285665 0.231835 0.232336 1.04187 3.3095
4518.56 0.277863 0.224633 0.23287 1.12539 3.44242
4677.35 0.27006 0.217571 0.233424 1.21506 3.57447
4841.72 0.262277 0.210655 0.233997 1.33428 3.70401
5011.87 0.254531 0.20389 0.234591 1.46899 3.82872
5188 0.246842 0.19728 0.235204 1.59878 3.94533
5370.32 0.239224 0.190826 0.235837 1.71715 4.04902
5559.04 0.231693 0.184533 0.23649 1.81317 4.13243
5754.4 0.224263 0.1784 0.237162 1.9113 4.18371
5956.62 0.216945 0.17243 0.237854 2.01296 4.18242
6165.95 0.209751 0.166622 0.238566 2.11817 4.08953
6382.63 0.20269 0.160977 0.239297 2.22694 3.81775
6606.93 0.195772 0.155493 0.240048 2.33926 -45.0455
6839.12 0.189002 0.150171 0.240818 2.45506 -20.5272
7079.46 0.182387 0.145008 0.241606 2.57429 -18.1163
7328.25 0.175933 0.140003 0.242414 2.69683 -0.189424
7585.78 0.169643 0.135153 0.24324 2.82251 -0.185726
7852.36 0.16352 0.130457 0.244084 2.9511 -0.182028
8128.31 0.157566 0.125912 0.244947 3.08228 -0.178335
8413.95 0.151784 0.121514 0.245827 3.21562 -0.174651
8709.64 0.146172 0.117262 0.246724 3.35055 -0.170977
9015.71 0.140732 0.113151 0.247639 3.48628 -0.167319
9332.54 0.135463 0.109179 0.24857 3.62178 -0.163678
9660.51 0.130364 0.105342 0.249517 3.75558 -0.160058
10000 0.125432 0.101638 0.25048 3.88571 -0.156463
