100 0.150328 0.150574 0.151537 0.152091
141.254 0.1564 0.155988 0.156599 0.157018
199.526 0.160674 0.159741 0.160074 0.160388
281.838 0.163537 0.162226 0.162356 0.162594
398.107 0.165384 0.163813 0.163805 0.16399
562.341 0.166544 0.164803 0.164705 0.164856
794.328 0.167265 0.165417 0.16526 0.165389
1122.02 0.167719 0.165802 0.165609 0.165724
1584.89 0.168015 0.166054 0.165836 0.165942
2238.72 0.168219 0.166228 0.165994 0.166093
3162.28 0.168373 0.16636 0.166113 0.166207
4466.84 0.168502 0.166468 0.16621 0.16631
6309.57 0.168607 0.16656 0.166297 0.166382
8912.51 0.168719 0.16665 0.166375 0.166459
12589.3 0.168849 0.168894 0.168051 0.166531
17782.8 0.168906 0.170398 0.166524 0.1666
25118.9 0.16909 0.166891 0.166595 0.166667
35481.3 0.169081 0.166984 0.166667 0.167193
50118.7 0.169234 0.167026 0.166744 0.16685
70794.6 0.169115 0.167067 0.167811 0.166863
100000 0.169119 0.167091 0.166802 0.166795
