10 0.0454799 0.0666789 0.181137 0.141889 0.112274
10.3514 0.0462069 0.0679004 0.182854 0.143278 0.113329
10.7152 0.0469337 0.0691311 0.184566 0.14466 0.11437
11.0917 0.0476597 0.0703706 0.186273 0.146032 0.115395
11.4815 0.0483843 0.0716185 0.187974 0.147394 0.116403
11.885 0.0491071 0.0728745 0.189668 0.148744 0.117392
12.3027 0.0498273 0.0741379 0.191354 0.150082 0.118362
12.735 0.0505445 0.0754085 0.19303 0.151407 0.11931
13.1826 0.0512579 0.0766857 0.194697 0.152717 0.120234
13.6458 0.0519671 0.0779692 0.196352 0.154011 0.121134
14.1254 0.0526713 0.0792584 0.197995 0.155289 0.122008
14.6218 0.0533699 0.080553 0.199624 0.156548 0.122852
15.1356 0.0540623 0.0818524 0.20124 0.157788 0.123667
15.6675 0.0547478 0.0831563 0.20284 0.159008 0.124449
16.2181 0.0554258 0.0844642 0.204424 0.160206 0.125197
16.788 0.0560956 0.0857757 0.20599 0.161381 0.125908
17.378 0.0567566 0.0870904 0.207539 0.162532 0.12658
17.9887 0.0574081 0.0884079 0.209068 0.163658 0.12721
18.6209 0.0580494 0.0897279 0.210578 0.164758 0.127795
19.2752 0.0586799 0.0910501 0.212066 0.16583 0.128333
19.9526 0.0592991 0.0923741 0.213533 0.166873 0.128819
20.6538 0.0599061 0.0936997 0.214977 0.167886 0.129251
21.3796 0.0605005 0.0950267 0.216398 0.168868 0.129622
22.1309 0.0610816 0.0963549 0.217794 0.169818 0.129929
22.9087 0.0616489 0.0976842 0.219165 0.170734 0.130165
23.7137 0.0622017 0.0990145 0.220511 0.171616 0.130321
24.5471 0.0627395 0.100346 0.221831 0.172461 0.130386
25.4097 0.0632617 0.101678 0.223124 0.17327 0.130343
26.3027 0.0637679 0.103012 0.22439 0.174041 0.130163
27.227 0.0642576 0.104347 0.225628 0.174773 0.129772
28.1838 0.0647303 0.105684 0.226838 0.175464 0.129017
29.1743 0.0651855 0.107023 0.22802 0.176114 0.128516
30.1995 0.065623 0.108365 0.229173 0.176722 0.128083
31.2608 0.0660422 0.109711 0.230298 0.177286 0.127668
32.3594 0.066443 0.111061 0.231394 0.177806 0.127251
33.4965 0.066825 0.112416 0.232461 0.17828 0.126821
34.6737 0.0671879 0.113777 0.2335 0.178708 0.12637
35.8922 0.0675316 0.115146 0.234511 0.179089 0.125895
37.1535 0.0678559 0.116524 0.235494 0.179422 0.125392
38.4592 0.0681606 0.117913 0.23645 0.179705 0.124859
39.8107 0.0684469 0.119315 0.23738 0.179938 0.124293
41.2098 0.0687129 0.120732 0.238284 0.18012 0.123694
42.658 0.0689593 0.122166 0.23916 0.180247 0.12306
44.157 0.0691801 0.123621 0.240012 0.180322 0.122391
45.7088 0.0693804 0.12505 0.240843 0.180344 0.121605
47.3151 0.0695627 0.126259 0.241654 0.179838 0.120628
48.9779 0.0697261 0.127623 0.24135 0.179333 0.11972
50.6991 0.0698707 0.129035 0.24151 0.178873 0.118799
52.4807 0.0699965 0.130488 0.24176 0.178386 0.117853
54.325 0.0701039 0.131981 0.24203 0.177849 0.116877
56.2341 0.0701933 0.133516 0.2423 0.177251 0.115868
58.2103 0.070265 0.135096 0.242557 0.176583 0.114825
60.256 0.0703196 0.136729 0.242797 0.17584 0.113748
62.3735 0.0703576 0.138419 0.243015 0.175014 0.112637
64.5654 0.0703795 0.140175 0.24321 0.174098 0.11149
66.8344 0.0703861 0.142005 0.24338 0.173085 0.110309
69.1831 0.0703781 0.143922 0.243524 0.171963 0.109094
71.6143 0.0703561 0.145938 0.243642 0.170722 0.107846
74.131 0.070321 0.148071 0.243733 0.169342 0.106564
76.7361 0.0702735 0.150342 0.243799 0.167799 0.105251
79.4328 0.0702146 0.152781 0.243838 0.166046 0.103906
82.2243 0.0701452 0.155433 0.243851 0.163981 0.102531
85.1138 0.0700661 0.158374 0.243839 0.161192 0.101126
88.1049 0.0699786 0.161808 0.243802 0.158824 0.0996935
91.2011 0.0698834 0.165957 0.243741 0.156686 0.0982339
94.4061 0.0697819 0.169574 0.243656 0.154642 0.0967486
97.7237 0.069675 0.17308 0.243548 0.152648 0.095239
101.158 0.069564 0.176566 0.243418 0.150681 0.0937066
104.713 0.06945 0.180068 0.243265 0.148729 0.0921528
108.393 0.0693343 0.183608 0.243092 0.146781 0.0905793
112.202 0.0692181 0.1872 0.242899 0.144834 0.0889878
116.145 0.0691028 0.190852 0.242685 0.142882 0.08738
120.226 0.0689897 0.194573 0.242454 0.140923 0.0857579
124.451 0.0688799 0.198366 0.242202 0.138954 0.0841231
128.825 0.0687754 0.202239 0.241935 0.136975 0.0824782
133.352 0.0686773 0.206196 0.241651 0.134986 0.0808251
138.038 0.0685872 0.210239 0.241352 0.132984 0.079166
142.889 0.0685066 0.214371 0.241039 0.130971 0.0775033
147.911 0.0684372 0.218594 0.240711 0.128945 0.0758396
153.109 0.0683807 0.22291 0.24037 0.126907 0.0741772
158.489 0.0683387 0.227322 0.240017 0.124858 0.0725191
164.059 0.0683132 0.231829 0.239652 0.122798 0.0708679
169.824 0.068306 0.236432 0.239276 0.120727 0.0692267
175.792 0.0683191 0.241133 0.238889 0.118646 0.0675986
181.97 0.0683546 0.245931 0.238494 0.116556 0.0659867
188.365 0.0684149 0.250826 0.238089 0.114458 0.0643947
194.984 0.0685024 0.255817 0.237677 0.112353 0.062826
201.837 0.0686196 0.260902 0.237257 0.110243 0.0612844
208.93 0.0687693 0.266081 0.236831 0.108127 0.0597738
216.272 0.0689547 0.271352 0.236398 0.106008 0.0582985
223.872 0.0691791 0.276711 0.235961 0.103887 0.0568628
231.739 0.0694461 0.282157 0.235518 0.101765 0.0554712
239.883 0.0697599 0.287685 0.235072 0.0996443 0.0541287
248.313 0.070125 0.293293 0.234622 0.0975259 0.0528403
257.04 0.0705465 0.298975 0.234169 0.0954119 0.0516113
266.073 0.0710302 0.304727 0.233714 0.0933039 0.0504474
275.423 0.0715825 0.310544 0.233257 0.0912039 0.0493546
285.102 0.0722109 0.316421 0.232799 0.089114 0.0483391
295.121 0.0729236 0.322349 0.23234 0.0870363 0.0474076
305.492 0.0737305 0.328324 0.231881 0.084973 0.046567
316.228 0.0746424 0.334337 0.231422 0.0829266 0.0458246
327.341 0.0756723 0.34038 0.230964 0.0808995 0.0451884
338.844 0.076835 0.346445 0.230507 0.0788945 0.0446664
350.752 0.0781478 0.352524 0.230052 0.0769143 0.0442673
363.078 0.0796309 0.358605 0.2296 0.074962 0.0440004
375.837 0.0813081 0.36468 0.229149 0.0730406 0.0438754
389.045 0.0832075 0.370738 0.228702 0.0711535 0.0439024
402.717 0.0853627 0.376767 0.228258 0.0693042 0.0440924
416.869 0.0878138 0.382757 0.227818 0.0674963 0.0444568
431.519 0.0906094 0.388694 0.227382 0.0657338 0.0450078
446.684 0.093809 0.394566 0.22695 0.0640208 0.0457583
462.381 0.0974867 0.400361 0.226524 0.0623616 0.0467219
478.63 0.101736 0.406065 0.226102 0.060761 0.0479131
495.45 0.106678 0.411664 0.225687 0.0592237 0.0493472
512.861 0.112476 0.417144 0.225277 0.0577549 0.0510405
530.884 0.119361 0.422491 0.224873 0.0563601 0.0530101
549.541 0.127687 0.42769 0.224476 0.055045 0.0552745
568.853 0.138082 0.432727 0.224086 0.0538159 0.0578529
588.844 0.152135 0.437587 0.223703 0.052679 0.060766
609.537 0.173033 0.442255 0.223327 0.0516414 0.0640357
630.957 0.188311 0.446716 0.222959 0.0507102 0.0676853
653.131 0.201608 0.450955 0.2226 0.0498931 0.0717395
676.083 0.213864 0.454958 0.222248 0.0491982 0.0762248
699.842 0.225431 0.458709 0.221905 0.0486341 0.081169
724.436 0.236484 0.462196 0.221571 0.04821 0.0866021
749.894 0.24712 0.465404 0.221247 0.0479354 0.0925559
776.247 0.257398 0.468319 0.220931 0.0478206 0.0990642
803.526 0.267354 0.47093 0.220625 0.0478765 0.106163
831.764 0.277007 0.473223 0.22033 0.0481144 0.113892
860.994 0.286369 0.475187 0.220044 0.0485466 0.122291
891.251 0.295442 0.476813 0.219769 0.049186 0.131405
922.571 0.304224 0.478089 0.219504 0.0500461 0.141281
954.993 0.31271 0.479007 0.219251 0.0511415 0.151969
988.553 0.320892 0.479559 0.219008 0.0524876 0.163525
1023.29 0.328759 0.479738 0.218777 0.0541006 0.176005
1059.25 0.336299 0.479539 0.218558 0.0559979 0.189473
1096.48 0.3435 0.478958 0.21835 0.0581977 0.203996
1135.01 0.350346 0.47799 0.218155 0.0607197 0.219646
1174.9 0.356824 0.476635 0.217972 0.0635845 0.236502
1216.19 0.36292 0.474892 0.217802 0.0668142 0.254649
1258.93 0.368618 0.472763 0.217645 0.070432 0.274176
1303.17 0.373906 0.470248 0.217501 0.0744628 0.295185
1348.96 0.378768 0.467352 0.21737 0.0789332 0.317783
1396.37 0.383194 0.464081 0.217252 0.0838712 0.342087
1445.44 0.38717 0.460441 0.217149 0.0893068 0.368227
1496.24 0.390686 0.456439 0.21706 0.0952719 0.396342
1548.82 0.393732 0.452085 0.216984 0.1018 0.426589
1603.25 0.3963 0.447391 0.216924 0.108929 0.459138
1659.59 0.398382 0.442366 0.216878 0.116696 0.494179
1717.91 0.399975 0.437026 0.216847 0.125142 0.531924
1778.28 0.401073 0.431383 0.216831 0.134313 0.572612
1840.77 0.401675 0.425454 0.216831 0.144255 0.616512
1905.46 0.401782 0.419253 0.216846 0.155019 0.663932
1972.42 0.401394 0.412798 0.216878 0.166658 0.715229
2041.74 0.400517 0.406106 0.216925 0.179232 0.770821
2113.49 0.399155 0.399197 0.216989 0.192802 0.831209
2187.76 0.397316 0.392087 0.217069 0.207435 0.897003
2264.64 0.395011 0.384797 0.217166 0.223204 0.968968
2344.23 0.39225 0.377345 0.21728 0.240187 1.04804
2426.61 0.389047 0.369752 0.217411 0.258466 1.13443
2511.89 0.385416 0.362036 0.21756 0.278133 1.24267
2600.16 0.381375 0.354216 0.217726 0.299287 1.37077
2691.53 0.376942 0.346313 0.21791 0.322034 1.49731
2786.12 0.372136 0.338344 0.218112 0.34649 1.61937
2884.03 0.366978 0.330328 0.218332 0.372781 1.72822
2985.38 0.36149 0.322283 0.218571 0.401047 1.82479
3090.3 0.355695 0.314225 0.218827 0.43144 1.92498
3198.9 0.349617 0.306173 0.219103 0.464126 2.02879
3311.31 0.343279 0.298141 0.219398 0.499291 2.13624
3427.68 0.336707 0.290144 0.219711 0.537143 2.24731
3548.13 0.329926 0.282197 0.220043 0.57791 2.36193
3672.82 0.322959 0.274314 0.220395 0.621855 2.48002
3801.89 0.315833 0.266506 0.220767 0.669273 2.60146
3935.5 0.308572 0.258785 0.221157 0.720503 2.72604
4073.8 0.3012 0.251163 0.221568 0.775943 2.85349
4216.97 0.29374 0.243648 0.221998 0.836062 2.98347
4365.16 0.286216 0.23625 0.222448 0.901428 3.11548
4518.56 0.27865 0.228976 0.222918 0.972739 3.24888
4677.35 0.271063 0.221833 0.223408 1.05086 3.3828
4841.72 0.263475 0.214828 0.223917 1.13657 3.51609
5011.87 0.255905 0.207967 0.224447 1.23249 3.64715
5188 0.248372 0.201252 0.224997 1.36319 3.77384
5370.32 0.240891 0.194689 0.225567 1.49297 3.8931
5559.04 0.233479 0.188281 0.226157 1.61948 4.00056
5754.4 0.22615 0.182028 0.226767 1.73771 4.08973
5956.62 0.218916 0.175935 0.227397 1.83706 4.15049
6165.95 0.211791 0.170001 0.228047 1.93769 4.1662
6382.63 0.204783 0.164226 0.228717 2.04198 4.107
6606.93 0.197903 0.158612 0.229406 2.14994 3.91229
6839.12 0.191159 0.153158 0.230115 2.26158 3.43036
7079.46 0.184557 0.147862 0.230844 2.37684 -35.8806
7328.25 0.178104 0.142724 0.231592 2.49567 -16.8281
7585.78 0.171805 0.137741 0.232359 2.61795 -15.4315
7852.36 0.165664 0.132913 0.233144 2.74351 -11.5784
8128.31 0.159684 0.128236 0.233949 2.87214 -0.180974
8413.95 0.153867 0.123708 0.234771 3.00351 -0.177373
8709.64 0.148214 0.119327 0.235612 3.13722 -0.173778
9015.71 0.142727 0.11509 0.236471 3.27268 -0.170191
9332.54 0.137406 0.110993 0.237347 3.40915 -0.166616
9660.51 0.132249 0.107034 0.23824 3.54562 -0.163057
10000 0.127257 0.10321 0.239149 3.6807 -0.159516
