10 0.0780331 0.0757821 0.0669531 0.0683035 0.0699923
10.3514 0.0795365 0.0772101 0.0681626 0.069566 0.0713284
10.7152 0.0810548 0.0786504 0.0693799 0.0708386 0.0726783
11.0917 0.0825875 0.0801023 0.0706045 0.0721207 0.0740416
11.4815 0.0841341 0.0815654 0.0718357 0.0734119 0.0754182
11.885 0.0856943 0.0830391 0.0730731 0.0747118 0.0768078
12.3027 0.0872675 0.0845228 0.0743159 0.0760198 0.0782102
12.735 0.0888533 0.0860159 0.0755637 0.0773356 0.0796253
13.1826 0.090451 0.0875177 0.0768157 0.0786585 0.0810528
13.6458 0.0920603 0.0890276 0.0780713 0.079988 0.0824927
14.1254 0.0936804 0.090545 0.0793299 0.0813236 0.0839446
14.6218 0.0953109 0.092069 0.0805907 0.0826648 0.0854086
15.1356 0.0969512 0.0935989 0.081853 0.084011 0.0868846
15.6675 0.0986005 0.0951341 0.0831162 0.0853617 0.0883725
16.2181 0.100258 0.0966736 0.0843795 0.0867163 0.0898723
16.788 0.101924 0.0982167 0.0856421 0.0880742 0.0913842
17.378 0.103597 0.0997626 0.0869034 0.0894349 0.0929083
17.9887 0.105276 0.10131 0.0881625 0.0907979 0.0944448
18.6209 0.106961 0.102859 0.0894187 0.0921624 0.0959942
19.2752 0.108651 0.104408 0.0906713 0.0935281 0.0975571
19.9526 0.110346 0.105956 0.0919194 0.0948943 0.0991341
20.6538 0.112044 0.107502 0.0931622 0.0962605 0.100726
21.3796 0.113746 0.109046 0.0943991 0.0976262 0.102335
22.1309 0.115449 0.110586 0.0956292 0.0989909 0.103962
22.9087 0.117154 0.112122 0.0968518 0.100354 0.10561
23.7137 0.118859 0.113651 0.0980661 0.101715 0.107283
24.5471 0.120565 0.115174 0.0992714 0.103074 0.108987
25.4097 0.122269 0.11669 0.100467 0.10443 0.11073
26.3027 0.123972 0.118196 0.101652 0.105783 0.112534
27.227 0.125673 0.119693 0.102826 0.107132 0.114501
28.1838 0.127371 0.121178 0.103987 0.108477 0.11643
29.1743 0.129065 0.122652 0.105136 0.109818 0.118273
30.1995 0.130754 0.124112 0.106272 0.111154 0.120083
31.2608 0.132438 0.125558 0.107394 0.112486 0.121873
32.3594 0.134116 0.126988 0.108501 0.113813 0.123647
33.4965 0.135787 0.128401 0.109594 0.115135 0.125411
34.6737 0.137451 0.129797 0.11067 0.116453 0.127164
35.8922 0.139107 0.131173 0.11173 0.117765 0.128909
37.1535 0.140754 0.132529 0.112773 0.119073 0.130646
38.4592 0.142392 0.133862 0.113799 0.120376 0.132375
39.8107 0.144019 0.135173 0.114807 0.121675 0.134097
41.2098 0.145636 0.136458 0.115797 0.12297 0.135813
42.658 0.147241 0.137718 0.116769 0.124262 0.137521
44.157 0.148835 0.138949 0.117721 0.125551 0.139222
45.7088 0.150415 0.140151 0.118654 0.126838 0.140917
47.3151 0.151983 0.141323 0.119568 0.128123 0.142605
48.9779 0.153537 0.142461 0.120462 0.129408 0.144285
50.6991 0.155077 0.143564 0.121335 0.130694 0.145959
52.4807 0.156602 0.14463 0.122189 0.131982 0.147625
54.325 0.158113 0.145657 0.123022 0.133273 0.149284
56.2341 0.159607 0.146642 0.123835 0.13457 0.150935
58.2103 0.161085 0.147582 0.124627 0.135875 0.152579
60.256 0.162547 0.148475 0.125398 0.13719 0.154215
62.3735 0.163992 0.149317 0.126149 0.138518 0.155843
64.5654 0.16542 0.150103 0.126879 0.139862 0.157463
66.8344 0.16683 0.15083 0.127588 0.141228 0.159074
69.1831 0.168223 0.151491 0.128277 0.142621 0.160678
71.6143 0.169597 0.152081 0.128945 0.144048 0.162272
74.131 0.170952 0.152591 0.129594 0.14552 0.163857
76.7361 0.172288 0.153011 0.130222 0.147052 0.165433
79.4328 0.173606 0.153326 0.13083 0.148673 0.167
82.2243 0.174904 0.153516 0.131419 0.150454 0.168556
85.1138 0.176183 0.153544 0.131988 0.152562 0.170102
88.1049 0.177442 0.153323 0.132538 0.154378 0.171637
91.2011 0.178681 0.152635 0.133069 0.156084 0.17316
94.4061 0.1799 0.152205 0.133581 0.157732 0.174672
97.7237 0.181099 0.151835 0.134075 0.15934 0.176171
101.158 0.182277 0.151465 0.134551 0.16092 0.177656
104.713 0.183436 0.151073 0.13501 0.162477 0.179127
108.393 0.184574 0.150649 0.135451 0.164016 0.180582
112.202 0.185691 0.150184 0.135876 0.16554 0.182021
116.145 0.186788 0.149675 0.136284 0.167051 0.183442
120.226 0.187865 0.149118 0.136676 0.168552 0.184845
124.451 0.188921 0.148511 0.137053 0.170043 0.186227
128.825 0.189957 0.147852 0.137414 0.171526 0.187587
133.352 0.190973 0.147138 0.13776 0.173002 0.188923
138.038 0.191969 0.146371 0.138092 0.174472 0.190233
142.889 0.192944 0.145547 0.13841 0.175935 0.191515
147.911 0.1939 0.144668 0.138714 0.177393 0.192767
153.109 0.194835 0.143733 0.139005 0.178846 0.193985
158.489 0.195751 0.14274 0.139284 0.180294 0.195167
164.059 0.196647 0.141692 0.13955 0.181738 0.19631
169.824 0.197524 0.140586 0.139803 0.183177 0.19741
175.792 0.198381 0.139425 0.140046 0.18461 0.198463
181.97 0.199218 0.138207 0.140277 0.186039 0.199465
188.365 0.200037 0.136935 0.140497 0.187462 0.200412
194.984 0.200836 0.135607 0.140707 0.18888 0.201298
201.837 0.201615 0.134226 0.140907 0.190291 0.202119
208.93 0.202375 0.132792 0.141097 0.191694 0.202868
216.272 0.203115 0.131307 0.141278 0.19309 0.203538
223.872 0.203834 0.12977 0.14145 0.194476 0.204123
231.739 0.204533 0.128184 0.141613 0.195852 0.204616
239.883 0.20521 0.12655 0.141767 0.197216 0.205007
248.313 0.205863 0.12487 0.141914 0.198567 0.205289
257.04 0.206493 0.123145 0.142052 0.199903 0.205452
266.073 0.207096 0.121377 0.142183 0.201222 0.205484
275.423 0.207671 0.119568 0.142307 0.202523 0.205376
285.102 0.208214 0.117719 0.142424 0.203802 0.205114
295.121 0.208722 0.115834 0.142534 0.205056 0.204686
305.492 0.209191 0.113913 0.142637 0.206284 0.204077
316.228 0.209615 0.11196 0.142734 0.207482 0.203272
327.341 0.209987 0.109976 0.142825 0.208646 0.202255
338.844 0.210299 0.107965 0.14291 0.209773 0.201008
350.752 0.210543 0.105928 0.142989 0.210858 0.199511
363.078 0.210705 0.103869 0.143062 0.211896 0.197744
375.837 0.210771 0.101789 0.143129 0.212884 0.195685
389.045 0.210723 0.099692 0.143192 0.213815 0.19331
402.717 0.210541 0.09758 0.143249 0.214683 0.190593
416.869 0.210198 0.0954559 0.1433 0.215482 0.187507
431.519 0.209661 0.0933225 0.143347 0.216205 0.184022
446.684 0.208892 0.0911825 0.143388 0.216844 0.180107
462.381 0.207839 0.0890388 0.143425 0.217392 0.175728
478.63 0.206439 0.086894 0.143457 0.217838 0.170849
495.45 0.20461 0.0847509 0.143483 0.218175 0.165432
512.861 0.202237 0.0826122 0.143505 0.21839 0.159436
530.884 0.199162 0.0804806 0.143522 0.218473 0.152818
549.541 0.195135 0.0783586 0.143534 0.218411 0.145534
568.853 0.189705 0.0762488 0.143542 0.218192 0.137533
588.844 0.18165 0.0741536 0.143544 0.2178 0.128768
609.537 0.169272 0.0720755 0.143541 0.217221 0.119184
630.957 0.160977 0.0700167 0.143534 0.216438 0.108728
653.131 0.153959 0.0679795 0.143521 0.215433 0.0973433
676.083 0.14763 0.0659659 0.143503 0.214185 0.0849733
699.842 0.14176 0.0639779 0.14348 0.212676 0.0715604
724.436 0.136228 0.0620174 0.143452 0.210881 0.0570475
749.894 0.130966 0.0600862 0.143419 0.208777 0.041379
776.247 0.125928 0.0581859 0.14338 0.206337 0.0245029
803.526 0.121084 0.056318 0.143335 0.203533 0.00637199
831.764 0.116412 0.0544839 0.143285 0.200337 -0.0130531
860.994 0.111897 0.0526848 0.143229 0.196714 -0.0338008
891.251 0.107528 0.0509219 0.143167 0.19263 -0.0558845
922.571 0.103297 0.049196 0.143099 0.188049 -0.0792972
954.993 0.0991984 0.0475082 0.143025 0.182931 -0.104005
988.553 0.0952263 0.045859 0.142944 0.177234 -0.129939
1023.29 0.0913773 0.0442491 0.142857 0.170913 -0.156985
1059.25 0.0876486 0.0426791 0.142763 0.163919 -0.184967
1096.48 0.0840377 0.0411491 0.142662 0.156204 -0.213637
1135.01 0.0805425 0.0396596 0.142553 0.147713 -0.242644
1174.9 0.0771612 0.0382106 0.142438 0.138392 -0.271515
1216.19 0.0738921 0.0368021 0.142314 0.12818 -0.299608
1258.93 0.0707335 0.0354341 0.142183 0.117019 -0.326071
1303.17 0.0676838 0.0341065 0.142044 0.104844 -0.349762
1348.96 0.0647414 0.0328189 0.141897 0.0915937 -0.369148
1396.37 0.0619046 0.0315711 0.141741 0.0772019 -0.38213
1445.44 0.0591716 0.0303626 0.141577 0.0616049 -0.385724
1496.24 0.0565406 0.029193 0.141404 0.0447405 -0.375344
1548.82 0.0540095 0.0280617 0.141221 0.0265495 -0.342431
1603.25 0.0515764 0.0269682 0.141029 0.00697893 -0.261089
1659.59 0.0492392 0.0259117 0.140827 -0.014016 -0.171453
1717.91 0.0469955 0.0248916 0.140616 -0.0364675 -0.0935206
1778.28 0.0448432 0.0239072 0.140394 -0.0603908 -0.0378635
1840.77 0.0427797 0.0229576 0.140161 -0.0857781 -0.0295451
1905.46 0.0408028 0.0220422 0.139918 -0.112591 -0.0287718
1972.42 0.0389099 0.02116 0.139664 -0.14075 -0.0280117
2041.74 0.0370984 0.0203103 0.139399 -0.170124 -0.0272647
2113.49 0.0353659 0.0194921 0.139121 -0.200513 -0.0265312
2187.76 0.0337096 0.0187047 0.138832 -0.231629 -0.0258111
2264.64 0.0321272 0.0179471 0.138531 -0.263072 -0.0251047
2344.23 0.0306158 0.0172185 0.138218 -0.294293 -0.024412
2426.61 0.029173 0.0165179 0.137891 -0.324557 -0.0237331
2511.89 0.0277963 0.0158446 0.137552 -0.352878 -0.0230679
2600.16 0.026483 0.0151976 0.1372 -0.377938 -0.0224166
2691.53 0.0252307 0.014576 0.136834 -0.397968 -0.0217791
2786.12 0.0240369 0.0139791 0.136454 -0.410536 -0.0211554
2884.03 0.0228992 0.013406 0.13606 -0.412166 -0.0205454
2985.38 0.0218153 0.0128558 0.135651 -0.397418 -0.0199492
3090.3 0.0207829 0.0123278 0.135228 -0.355472 -0.0193666
3198.9 0.0197997 0.0118211 0.13479 -0.260517 -0.0187975
3311.31 0.0188636 0.011335 0.134337 -0.166663 -0.0182419
3427.68 0.0179725 0.0108687 0.133868 -0.0867409 -0.0176997
3548.13 0.0171243 0.0104214 0.133384 -0.0345002 -0.0171706
3672.82 0.016317 0.00999253 0.132884 -0.0314987 -0.0166547
3801.89 0.0155488 0.00958126 0.132368 -0.0306682 -0.0161517
3935.5 0.0148178 0.00918695 0.131835 -0.0298523 -0.0156614
4073.8 0.0141223 0.00880893 0.131286 -0.0290511 -0.0151838
4216.97 0.0134605 0.00844656 0.130719 -0.0282648 -0.0147185
4365.16 0.012831 0.00809921 0.130136 -0.0274933 -0.0142656
4518.56 0.012232 0.0077663 0.129536 -0.0267367 -0.0138247
4677.35 0.0116621 0.00744723 0.128918 -0.0259952 -0.0133956
4841.72 0.01112 0.00714144 0.128282 -0.0252688 -0.0129783
5011.87 0.0106042 0.0068484 0.127629 -0.0245574 -0.0125723
5188 0.0101134 0.00656758 0.126958 -0.0238611 -0.0121777
5370.32 0.0096465 0.00629848 0.126269 -0.0231798 -0.0117941
5559.04 0.00920217 0.00604062 0.125562 -0.0225135 -0.0114213
5754.4 0.00877935 0.00579352 0.124836 -0.0218621 -0.0110591
5956.62 0.00837697 0.00555675 0.124092 -0.0212255 -0.0107073
6165.95 0.007994 0.00532986 0.12333 -0.0206037 -0.0103656
6382.63 0.00762948 0.00511246 0.122549 -0.0199965 -0.0100339
6606.93 0.00728248 0.00490413 0.12175 -0.0194038 -0.00971197
6839.12 0.00695213 0.0047045 0.120932 -0.0188255 -0.00939951
7079.46 0.00663759 0.0045132 0.120095 -0.0182614 -0.00909632
7328.25 0.00633809 0.00432988 0.119241 -0.0177114 -0.00880221
7585.78 0.00605285 0.0041542 0.118367 -0.0171753 -0.00851693
7852.36 0.00578118 0.00398584 0.117476 -0.0166529 -0.00824029
8128.31 0.0055224 0.00382449 0.116566 -0.016144 -0.00797205
8413.95 0.00527586 0.00366985 0.115637 -0.0156485 -0.00771202
8709.64 0.00504096 0.00352164 0.114691 -0.015166 -0.00745997
9015.71 0.00481711 0.00337958 0.113727 -0.0146965 -0.0072157
9332.54 0.00460377 0.00324342 0.112745 -0.0142397 -0.00697901
9660.51 0.00440041 0.00311291 0.111745 -0.0137954 -0.00674969
10000 0.00420655 0.00298779 0.110728 -0.0133634 -0.00652753
