10 0.0738051 0.0741133 0.0717256 0.0718073 0.072104
10.3514 0.0752214 0.0755078 0.0729826 0.0730884 0.0734222
10.7152 0.0766514 0.0769142 0.0742468 0.0743783 0.0747518
11.0917 0.0780947 0.078332 0.0755176 0.0756766 0.0760925
11.4815 0.079551 0.0797605 0.0767945 0.0769828 0.0774438
11.885 0.0810196 0.0811994 0.0780769 0.0782963 0.0788056
12.3027 0.0825003 0.0826479 0.079364 0.0796166 0.0801775
12.735 0.0839926 0.0841055 0.0806554 0.0809431 0.081559
13.1826 0.0854959 0.0855717 0.0819503 0.0822754 0.08295
13.6458 0.0870097 0.0870457 0.0832479 0.0836128 0.0843501
14.1254 0.0885335 0.0885268 0.0845478 0.0849547 0.085759
14.6218 0.0900668 0.0900145 0.085849 0.0863006 0.0871764
15.1356 0.0916089 0.0915079 0.0871509 0.0876498 0.0886019
15.6675 0.0931594 0.0930064 0.0884527 0.0890017 0.0900355
16.2181 0.0947176 0.0945092 0.0897537 0.0903557 0.0914768
16.788 0.096283 0.0960155 0.0910532 0.0917113 0.0929258
17.378 0.0978548 0.0975246 0.0923503 0.0930677 0.0943822
17.9887 0.0994325 0.0990356 0.0936442 0.0944243 0.095846
18.6209 0.101015 0.100548 0.0949343 0.0957806 0.0973173
19.2752 0.102603 0.10206 0.0962196 0.0971359 0.0987962
19.9526 0.104194 0.103572 0.0974995 0.0984896 0.100283
20.6538 0.105789 0.105082 0.098773 0.0998411 0.101778
21.3796 0.107387 0.106589 0.100039 0.10119 0.103282
22.1309 0.108986 0.108094 0.101298 0.102535 0.104796
22.9087 0.110586 0.109594 0.102548 0.103876 0.106322
23.7137 0.112188 0.111089 0.103789 0.105213 0.107861
24.5471 0.113789 0.112578 0.105019 0.106545 0.109418
25.4097 0.115389 0.11406 0.106238 0.107871 0.110997
26.3027 0.116988 0.115533 0.107446 0.109192 0.112614
27.227 0.118584 0.116998 0.108641 0.110505 0.114334
28.1838 0.120178 0.118453 0.109824 0.111812 0.116025
29.1743 0.121769 0.119896 0.110992 0.113112 0.117656
30.1995 0.123356 0.121328 0.112146 0.114404 0.119261
31.2608 0.124937 0.122746 0.113285 0.115689 0.120848
32.3594 0.126514 0.12415 0.114408 0.116965 0.122422
33.4965 0.128085 0.125539 0.115515 0.118232 0.123984
34.6737 0.129649 0.126912 0.116605 0.119491 0.125535
35.8922 0.131206 0.128267 0.117677 0.120742 0.127075
37.1535 0.132755 0.129604 0.118731 0.121984 0.128606
38.4592 0.134297 0.130921 0.119767 0.123217 0.130128
39.8107 0.135829 0.132217 0.120784 0.124441 0.13164
41.2098 0.137352 0.133492 0.121782 0.125657 0.133142
42.658 0.138866 0.134743 0.12276 0.126865 0.134636
44.157 0.140369 0.13597 0.123718 0.128065 0.13612
45.7088 0.141862 0.137171 0.124656 0.129257 0.137595
47.3151 0.143343 0.138345 0.125573 0.130443 0.139061
48.9779 0.144813 0.13949 0.12647 0.131622 0.140518
50.6991 0.146271 0.140605 0.127345 0.132795 0.141965
52.4807 0.147717 0.141689 0.128199 0.133964 0.143404
54.325 0.14915 0.142739 0.129031 0.135129 0.144833
56.2341 0.15057 0.143754 0.129843 0.136291 0.146254
58.2103 0.151977 0.144732 0.130632 0.137452 0.147665
60.256 0.15337 0.14567 0.1314 0.138614 0.149068
62.3735 0.154749 0.146566 0.132147 0.139779 0.150462
64.5654 0.156114 0.147417 0.132872 0.140949 0.151847
66.8344 0.157465 0.14822 0.133576 0.142127 0.153224
69.1831 0.158801 0.148971 0.134258 0.143317 0.154593
71.6143 0.160122 0.149666 0.134919 0.144524 0.155954
74.131 0.161428 0.150299 0.13556 0.145755 0.157306
76.7361 0.162719 0.150863 0.136179 0.14702 0.158651
79.4328 0.163994 0.151348 0.136778 0.148338 0.159988
82.2243 0.165253 0.151741 0.137356 0.149754 0.161317
85.1138 0.166497 0.152017 0.137914 0.151378 0.16264
88.1049 0.167725 0.152121 0.138453 0.152808 0.163955
91.2011 0.168937 0.151909 0.138972 0.154162 0.165263
94.4061 0.170132 0.151852 0.139472 0.155473 0.166564
97.7237 0.171311 0.151823 0.139953 0.156755 0.167858
101.158 0.172474 0.151781 0.140416 0.158014 0.169146
104.713 0.173619 0.151713 0.14086 0.159255 0.170428
108.393 0.174748 0.15161 0.141287 0.160481 0.171702
112.202 0.17586 0.151468 0.141697 0.161695 0.172971
116.145 0.176955 0.151284 0.14209 0.162898 0.174233
120.226 0.178033 0.151055 0.142466 0.164092 0.175488
124.451 0.179092 0.150778 0.142827 0.165278 0.176737
128.825 0.180135 0.150454 0.143172 0.166458 0.177979
133.352 0.181159 0.150079 0.143501 0.167631 0.179214
138.038 0.182165 0.149654 0.143816 0.168801 0.180442
142.889 0.183152 0.149176 0.144117 0.169966 0.181663
147.911 0.184121 0.148647 0.144404 0.171128 0.182876
153.109 0.185071 0.148064 0.144677 0.172287 0.18408
158.489 0.186001 0.147427 0.144938 0.173445 0.185276
164.059 0.186912 0.146736 0.145185 0.174601 0.186462
169.824 0.187802 0.145991 0.145421 0.175756 0.187637
175.792 0.188671 0.145191 0.145645 0.176911 0.188802
181.97 0.189519 0.144336 0.145858 0.178066 0.189954
188.365 0.190345 0.143426 0.14606 0.179221 0.191094
194.984 0.191148 0.142462 0.146251 0.180377 0.192219
201.837 0.191927 0.141442 0.146433 0.181534 0.193328
208.93 0.192681 0.140368 0.146604 0.182692 0.19442
216.272 0.19341 0.13924 0.146766 0.183852 0.195492
223.872 0.194112 0.138057 0.146919 0.185012 0.196544
231.739 0.194785 0.136822 0.147064 0.186174 0.197573
239.883 0.195428 0.135533 0.1472 0.187338 0.198577
248.313 0.19604 0.134192 0.147328 0.188502 0.199553
257.04 0.196617 0.1328 0.147449 0.189668 0.200498
266.073 0.197158 0.131358 0.147562 0.190834 0.20141
275.423 0.19766 0.129866 0.147667 0.192001 0.202285
285.102 0.198119 0.128326 0.147766 0.193168 0.203119
295.121 0.198533 0.126739 0.147859 0.194334 0.203909
305.492 0.198896 0.125106 0.147945 0.195499 0.20465
316.228 0.199204 0.123428 0.148025 0.196663 0.205338
327.341 0.199452 0.121708 0.148099 0.197823 0.205967
338.844 0.199632 0.119947 0.148167 0.198981 0.206532
350.752 0.199737 0.118146 0.148229 0.200133 0.207027
363.078 0.199758 0.116308 0.148287 0.20128 0.207445
375.837 0.199685 0.114435 0.148339 0.20242 0.207779
389.045 0.199505 0.112528 0.148386 0.203551 0.208021
402.717 0.199204 0.110589 0.148428 0.204672 0.208163
416.869 0.198763 0.108622 0.148466 0.205781 0.208195
431.519 0.198161 0.106628 0.148498 0.206876 0.208107
446.684 0.197372 0.10461 0.148526 0.207955 0.207889
462.381 0.196365 0.102569 0.14855 0.209016 0.207527
478.63 0.195097 0.10051 0.148569 0.210055 0.207009
495.45 0.193516 0.0984333 0.148584 0.211071 0.20632
512.861 0.19155 0.0963429 0.148595 0.212059 0.205444
530.884 0.189098 0.094241 0.148601 0.213017 0.204364
549.541 0.186001 0.0921303 0.148604 0.213941 0.203061
568.853 0.181974 0.0900136 0.148602 0.214827 0.201514
588.844 0.176241 0.0878936 0.148596 0.21567 0.199699
609.537 0.167731 0.0857729 0.148585 0.216466 0.197591
630.957 0.161752 0.0836542 0.148571 0.21721 0.195161
653.131 0.15654 0.0815402 0.148552 0.217895 0.192377
676.083 0.151723 0.0794336 0.148529 0.218517 0.189204
699.842 0.147156 0.0773368 0.148502 0.219068 0.185604
724.436 0.142767 0.0752524 0.14847 0.219541 0.18153
749.894 0.138512 0.0731829 0.148434 0.219929 0.176935
776.247 0.134364 0.0711306 0.148394 0.220222 0.17176
803.526 0.130305 0.0690977 0.148349 0.220412 0.165943
831.764 0.126325 0.0670865 0.148299 0.220488 0.15941
860.994 0.122416 0.065099 0.148245 0.22044 0.152077
891.251 0.118572 0.0631372 0.148186 0.220255 0.143847
922.571 0.114792 0.061203 0.148122 0.219922 0.134605
954.993 0.111074 0.059298 0.148053 0.219424 0.124218
988.553 0.107418 0.057424 0.147979 0.218747 0.112527
1023.29 0.103823 0.0555823 0.147899 0.217874 0.099342
1059.25 0.100292 0.0537743 0.147814 0.216785 0.0844303
1096.48 0.0968243 0.0520013 0.147724 0.215461 0.0675056
1135.01 0.0934226 0.0502644 0.147627 0.213878 0.048208
1174.9 0.0900881 0.0485644 0.147525 0.212012 0.0260762
1216.19 0.0868227 0.0469022 0.147417 0.209834 0.000504427
1258.93 0.0836279 0.0452785 0.147303 0.207315 -0.0293266
1303.17 0.0805055 0.0436938 0.147182 0.204419 -0.0645658
1348.96 0.077457 0.0421487 0.147054 0.20111 -0.106901
1396.37 0.0744837 0.0406435 0.14692 0.197344 -0.158966
1445.44 0.0715869 0.0391782 0.146779 0.193073 -0.225233
1496.24 0.0687675 0.0377532 0.146631 0.188245 -0.314296
1548.82 0.0660266 0.0363682 0.146475 0.182798 -0.446544
1603.25 0.0633646 0.0350234 0.146312 0.176663 -0.699313
1659.59 0.0607819 0.0337184 0.146141 0.16976 -1.15653
1717.91 0.0582789 0.032453 0.145962 0.161999 -0.993936
1778.28 0.0558553 0.0312268 0.145774 0.153273 -0.776954
1840.77 0.0535111 0.0300394 0.145579 0.14346 -0.402882
1905.46 0.0512457 0.0288903 0.145374 0.132414 -0.0366662
1972.42 0.0490586 0.0277789 0.145161 0.119961 -0.0357647
2041.74 0.0469489 0.0267047 0.144938 0.105895 -0.0348755
2113.49 0.0449156 0.0256669 0.144706 0.0899604 -0.033999
2187.76 0.0429575 0.0246649 0.144464 0.0718435 -0.0331354
2264.64 0.0410735 0.0236979 0.144213 0.0511486 -0.0322851
2344.23 0.039262 0.0227652 0.143951 0.0273664 -0.0314482
2426.61 0.0375216 0.0218659 0.143679 -0.000174277 -0.0306251
2511.89 0.0358506 0.0209992 0.143396 -0.0323859 -0.029816
2600.16 0.0342472 0.0201643 0.143102 -0.0705564 -0.0290209
2691.53 0.0327097 0.0193603 0.142798 -0.116592 -0.0282401
2786.12 0.0312363 0.0185864 0.142481 -0.173502 -0.0274738
2884.03 0.029825 0.0178416 0.142153 -0.246468 -0.0267219
2985.38 0.0284739 0.0171252 0.141813 -0.345697 -0.0259846
3090.3 0.0271811 0.0164363 0.141461 -0.49646 -0.025262
3198.9 0.0259446 0.0157739 0.141096 -0.807616 -0.0245541
3311.31 0.0247625 0.0151373 0.140718 -1.21112 -0.0238608
3427.68 0.0236327 0.0145256 0.140328 -1.0323 -0.0231823
3548.13 0.0225534 0.0139379 0.139924 -0.789248 -0.0225185
3672.82 0.0215226 0.0133735 0.139507 -0.315149 -0.0218693
3801.89 0.0205385 0.0128315 0.139076 -0.0390298 -0.0212346
3935.5 0.0195991 0.012311 0.13863 -0.038064 -0.0206145
4073.8 0.0187027 0.0118115 0.138171 -0.0371119 -0.0200088
4216.97 0.0178474 0.011332 0.137697 -0.0361738 -0.0194175
4365.16 0.0170316 0.0108719 0.137208 -0.0352501 -0.0188403
4518.56 0.0162536 0.0104304 0.136705 -0.034341 -0.0182771
4677.35 0.0155116 0.0100068 0.136186 -0.0334467 -0.0177279
4841.72 0.0148042 0.00960039 0.135651 -0.0325674 -0.0171925
5011.87 0.0141298 0.00921058 0.135101 -0.0317034 -0.0166706
5188 0.0134869 0.00883669 0.134535 -0.0308547 -0.0161621
5370.32 0.012874 0.0084781 0.133953 -0.0300216 -0.0156669
5559.04 0.0122899 0.0081342 0.133355 -0.0292041 -0.0151847
5754.4 0.0117332 0.00780442 0.13274 -0.0284023 -0.0147154
5956.62 0.0112025 0.00748817 0.132108 -0.0276163 -0.0142587
6165.95 0.0106968 0.00718493 0.13146 -0.0268461 -0.0138144
6382.63 0.0102148 0.00689417 0.130795 -0.0260917 -0.0133822
6606.93 0.00975538 0.00661538 0.130112 -0.0253532 -0.0129621
6839.12 0.00931751 0.00634807 0.129413 -0.0246305 -0.0125537
7079.46 0.00890015 0.00609177 0.128695 -0.0239237 -0.0121569
7328.25 0.00850233 0.00584603 0.127961 -0.0232325 -0.0117713
7585.78 0.00812311 0.00561042 0.127209 -0.022557 -0.0113968
7852.36 0.0077616 0.00538452 0.126439 -0.021897 -0.0110331
8128.31 0.00741695 0.00516792 0.125651 -0.0212525 -0.01068
8413.95 0.00708834 0.00496025 0.124845 -0.0206233 -0.0103373
8709.64 0.00677502 0.00476112 0.124022 -0.0200093 -0.0100046
9015.71 0.00647624 0.00457019 0.123181 -0.0194104 -0.0096819
9332.54 0.00619129 0.00438712 0.122322 -0.0188263 -0.0093688
9660.51 0.00591953 0.00421157 0.121445 -0.018257 -0.00906513
10000 0.0056603 0.00404323 0.12055 -0.0177021 -0.00877064
