10 0.0734508 0.0728186 0.0715517 0.0718556 0.072162
10.3514 0.074808 0.0741641 0.0728892 0.0731988 0.0735111
10.7152 0.0761756 0.0755199 0.0742373 0.0745527 0.0748708
11.0917 0.077553 0.0768854 0.0755956 0.0759168 0.0762408
11.4815 0.0789396 0.0782601 0.0769635 0.0772906 0.0776205
11.885 0.0803349 0.0796434 0.0783404 0.0786734 0.0790093
12.3027 0.0817383 0.0810347 0.0797257 0.0800647 0.0804066
12.735 0.0831491 0.0824334 0.0811189 0.0814639 0.0818119
13.1826 0.0845667 0.0838388 0.0825193 0.0828703 0.0832244
13.6458 0.0859904 0.0852502 0.0839263 0.0842834 0.0846435
14.1254 0.0874196 0.0866671 0.0853391 0.0857023 0.0860686
14.6218 0.0888535 0.0880886 0.0867572 0.0871265 0.087499
15.1356 0.0902913 0.0895141 0.0881797 0.0885552 0.0889338
15.6675 0.0917324 0.0909428 0.0896061 0.0899877 0.0903725
16.2181 0.093176 0.092374 0.0910354 0.0914232 0.0918143
16.788 0.0946213 0.0938068 0.0924671 0.092861 0.0932583
17.378 0.0960675 0.0952406 0.0939002 0.0943003 0.0947039
17.9887 0.0975138 0.0966744 0.095334 0.0957404 0.0961502
18.6209 0.0989594 0.0981076 0.0967678 0.0971803 0.0975964
19.2752 0.100403 0.0995392 0.0982006 0.0986194 0.0990417
19.9526 0.101845 0.100968 0.0996318 0.100057 0.100485
20.6538 0.103284 0.102395 0.10106 0.101491 0.101926
21.3796 0.104718 0.103817 0.102486 0.102923 0.103364
22.1309 0.106148 0.105234 0.103907 0.10435 0.104797
22.9087 0.107571 0.106645 0.105323 0.105772 0.106226
23.7137 0.108988 0.10805 0.106733 0.107188 0.107648
24.5471 0.110398 0.109448 0.108136 0.108598 0.109064
25.4097 0.1118 0.110837 0.109532 0.11 0.110472
26.3027 0.113192 0.112217 0.11092 0.111393 0.111871
27.227 0.114574 0.113588 0.112298 0.112778 0.113262
28.1838 0.115946 0.114948 0.113666 0.114152 0.114642
29.1743 0.117306 0.116296 0.115024 0.115516 0.116012
30.1995 0.118653 0.117632 0.11637 0.116868 0.11737
31.2608 0.119988 0.118955 0.117704 0.118207 0.118715
32.3594 0.121308 0.120264 0.119025 0.119534 0.120047
33.4965 0.122614 0.121559 0.120332 0.120847 0.121366
34.6737 0.123905 0.122839 0.121624 0.122145 0.12267
35.8922 0.12518 0.124102 0.122902 0.123428 0.123958
37.1535 0.126438 0.12535 0.124163 0.124695 0.125231
38.4592 0.127679 0.12658 0.125408 0.125945 0.126487
39.8107 0.128902 0.127792 0.126636 0.127179 0.127726
41.2098 0.130106 0.128986 0.127847 0.128394 0.128947
42.658 0.131291 0.130161 0.129039 0.129592 0.130149
44.157 0.132457 0.131317 0.130212 0.13077 0.131333
45.7088 0.133603 0.132453 0.131367 0.13193 0.132498
47.3151 0.134729 0.133569 0.132501 0.13307 0.133643
48.9779 0.135833 0.134664 0.133616 0.134189 0.134767
50.6991 0.136916 0.135738 0.134711 0.135288 0.135871
52.4807 0.137978 0.136791 0.135784 0.136367 0.136954
54.325 0.139018 0.137822 0.136837 0.137424 0.138016
56.2341 0.140036 0.138831 0.137868 0.13846 0.139057
58.2103 0.141032 0.139818 0.138878 0.139474 0.140075
60.256 0.142005 0.140782 0.139865 0.140466 0.141072
62.3735 0.142955 0.141724 0.140831 0.141436 0.142046
64.5654 0.143882 0.142644 0.141775 0.142384 0.142999
66.8344 0.144787 0.143541 0.142697 0.14331 0.143929
69.1831 0.145669 0.144415 0.143597 0.144214 0.144836
71.6143 0.146527 0.145266 0.144474 0.145095 0.145722
74.131 0.147363 0.146095 0.145329 0.145954 0.146584
76.7361 0.148176 0.146901 0.146162 0.146791 0.147425
79.4328 0.148966 0.147684 0.146973 0.147605 0.148243
82.2243 0.149734 0.148445 0.147762 0.148398 0.149039
85.1138 0.150479 0.149184 0.148529 0.149168 0.149813
88.1049 0.151202 0.1499 0.149274 0.149917 0.150565
91.2011 0.151903 0.150595 0.149998 0.150644 0.151295
94.4061 0.152582 0.151268 0.150701 0.151349 0.152004
97.7237 0.153239 0.15192 0.151382 0.152034 0.152692
101.158 0.153875 0.15255 0.152043 0.152698 0.153358
104.713 0.154489 0.15316 0.152683 0.153341 0.154004
108.393 0.155083 0.153748 0.153303 0.153963 0.15463
112.202 0.155657 0.154317 0.153903 0.154566 0.155235
116.145 0.156211 0.154866 0.154483 0.155149 0.155821
120.226 0.156745 0.155395 0.155044 0.155713 0.156387
124.451 0.157259 0.155906 0.155587 0.156258 0.156935
128.825 0.157755 0.156397 0.156111 0.156784 0.157463
133.352 0.158232 0.15687 0.156616 0.157292 0.157974
138.038 0.158692 0.157326 0.157105 0.157783 0.158467
142.889 0.159133 0.157764 0.157576 0.158256 0.158942
147.911 0.159558 0.158184 0.15803 0.158712 0.1594
153.109 0.159965 0.158588 0.158467 0.159152 0.159842
158.489 0.160357 0.158976 0.158889 0.159575 0.160268
164.059 0.160732 0.159349 0.159295 0.159984 0.160678
169.824 0.161092 0.159705 0.159686 0.160376 0.161073
175.792 0.161437 0.160048 0.160063 0.160755 0.161452
181.97 0.161768 0.160375 0.160425 0.161118 0.161818
188.365 0.162084 0.160689 0.160773 0.161468 0.16217
194.984 0.162387 0.160989 0.161108 0.161805 0.162508
201.837 0.162676 0.161276 0.16143 0.162128 0.162833
208.93 0.162953 0.16155 0.161739 0.162439 0.163145
216.272 0.163218 0.161813 0.162036 0.162738 0.163445
223.872 0.16347 0.162063 0.162322 0.163025 0.163734
231.739 0.163711 0.162302 0.162596 0.1633 0.16401
239.883 0.163941 0.16253 0.16286 0.163565 0.164276
248.313 0.16416 0.162747 0.163112 0.163819 0.164532
257.04 0.164369 0.162955 0.163355 0.164063 0.164777
266.073 0.164569 0.163152 0.163588 0.164297 0.165013
275.423 0.164758 0.16334 0.163812 0.164522 0.165239
285.102 0.164939 0.163519 0.164027 0.164738 0.165455
295.121 0.16511 0.163689 0.164233 0.164945 0.165664
305.492 0.165274 0.163851 0.164431 0.165144 0.165864
316.228 0.165429 0.164005 0.164621 0.165335 0.166056
327.341 0.165577 0.164152 0.164803 0.165518 0.16624
338.844 0.165717 0.164291 0.164978 0.165694 0.166417
350.752 0.16585 0.164423 0.165146 0.165863 0.166587
363.078 0.165977 0.164548 0.165308 0.166026 0.16675
375.837 0.166096 0.164667 0.165463 0.166182 0.166907
389.045 0.16621 0.16478 0.165612 0.166331 0.167057
402.717 0.166318 0.164886 0.165755 0.166475 0.167202
416.869 0.16642 0.164988 0.165893 0.166614 0.167341
431.519 0.166517 0.165084 0.166025 0.166747 0.167475
446.684 0.166609 0.165175 0.166153 0.166875 0.167604
462.381 0.166696 0.165261 0.166275 0.166998 0.167728
478.63 0.166778 0.165342 0.166393 0.167117 0.167847
495.45 0.166856 0.16542 0.166506 0.167231 0.167962
512.861 0.166929 0.165493 0.166616 0.167341 0.168072
530.884 0.166999 0.165562 0.166721 0.167447 0.168179
549.541 0.167065 0.165627 0.166823 0.167549 0.168282
568.853 0.167127 0.165688 0.166921 0.167648 0.168381
588.844 0.167186 0.165747 0.167016 0.167743 0.168477
609.537 0.167241 0.165802 0.167108 0.167836 0.16857
630.957 0.167294 0.165854 0.167196 0.167925 0.16866
653.131 0.167343 0.165903 0.167282 0.168011 0.168746
676.083 0.16739 0.165949 0.167365 0.168094 0.16883
699.842 0.167434 0.165993 0.167445 0.168175 0.168911
724.436 0.167475 0.166034 0.167523 0.168253 0.16899
749.894 0.167515 0.166073 0.167598 0.168329 0.169067
776.247 0.167552 0.166109 0.167671 0.168403 0.169141
803.526 0.167586 0.166144 0.167742 0.168475 0.169213
831.764 0.167619 0.166176 0.167812 0.168544 0.169283
860.994 0.16765 0.166207 0.167879 0.168612 0.169351
891.251 0.167679 0.166236 0.167945 0.168678 0.169418
922.571 0.167707 0.166263 0.168008 0.168742 0.169483
954.993 0.167733 0.166289 0.168071 0.168805 0.169546
988.553 0.167757 0.166313 0.168131 0.168866 0.169607
1023.29 0.16778 0.166335 0.168191 0.168926 0.169668
1059.25 0.167801 0.166357 0.168249 0.168985 0.169727
1096.48 0.167821 0.166377 0.168306 0.169042 0.169784
1135.01 0.167841 0.166396 0.168361 0.169098 0.169841
1174.9 0.167858 0.166414 0.168416 0.169153 0.169896
1216.19 0.167875 0.16643 0.168469 0.169207 0.16995
1258.93 0.167891 0.166446 0.168522 0.169259 0.170003
1303.17 0.167906 0.166461 0.168573 0.169311 0.170056
1348.96 0.16792 0.166475 0.168624 0.169362 0.170107
1396.37 0.167933 0.166488 0.168674 0.169413 0.170158
1445.44 0.167945 0.1665 0.168723 0.169462 0.170208
1496.24 0.167957 0.166511 0.168771 0.169511 0.170257
1548.82 0.167968 0.166522 0.168819 0.169559 0.170305
1603.25 0.167978 0.166532 0.168866 0.169606 0.170353
1659.59 0.167988 0.166542 0.168912 0.169653 0.1704
1717.91 0.167997 0.166551 0.168958 0.169699 0.170446
1778.28 0.168005 0.166559 0.169003 0.169745 0.170492
1840.77 0.168013 0.166567 0.169048 0.16979 0.170538
1905.46 0.168021 0.166574 0.169092 0.169834 0.170583
1972.42 0.168028 0.166581 0.169136 0.169879 0.170628
2041.74 0.168034 0.166588 0.16918 0.169922 0.170672
2113.49 0.16804 0.166594 0.169223 0.169966 0.170715
2187.76 0.168046 0.1666 0.169265 0.170009 0.170759
2264.64 0.168051 0.166605 0.169308 0.170051 0.170802
2344.23 0.168057 0.16661 0.16935 0.170094 0.170845
2426.61 0.168061 0.166615 0.169391 0.170136 0.170887
2511.89 0.168066 0.166619 0.169433 0.170178 0.170929
2600.16 0.16807 0.166623 0.169474 0.170219 0.170971
2691.53 0.168074 0.166627 0.169515 0.17026 0.171013
2786.12 0.168077 0.166631 0.169556 0.170301 0.171054
2884.03 0.168081 0.166634 0.169596 0.170342 0.171095
2985.38 0.168084 0.166637 0.169636 0.170383 0.171136
3090.3 0.168087 0.16664 0.169676 0.170423 0.171177
3198.9 0.16809 0.166643 0.169716 0.170464 0.171217
3311.31 0.168093 0.166646 0.169756 0.170504 0.171258
3427.68 0.168095 0.166648 0.169796 0.170544 0.171298
3548.13 0.168097 0.16665 0.169835 0.170583 0.171338
3672.82 0.1681 0.166653 0.169875 0.170623 0.171378
3801.89 0.168102 0.166655 0.169914 0.170663 0.171418
3935.5 0.168104 0.166657 0.169953 0.170702 0.171458
4073.8 0.168105 0.166658 0.169992 0.170741 0.171498
4216.97 0.168107 0.16666 0.170031 0.170781 0.171537
4365.16 0.168109 0.166661 0.170069 0.17082 0.171577
4518.56 0.16811 0.166663 0.170108 0.170859 0.171616
4677.35 0.168111 0.166664 0.170147 0.170898 0.171655
4841.72 0.168113 0.166666 0.170185 0.170937 0.171694
5011.87 0.168114 0.166667 0.170224 0.170975 0.171734
5188 0.168115 0.166668 0.170262 0.171014 0.171773
5370.32 0.168116 0.166669 0.170301 0.171053 0.171812
5559.04 0.168117 0.16667 0.170339 0.171092 0.171851
5754.4 0.168118 0.166671 0.170377 0.17113 0.17189
5956.62 0.168119 0.166672 0.170415 0.171169 0.171929
6165.95 0.16812 0.166672 0.170454 0.171207 0.171968
6382.63 0.16812 0.166673 0.170492 0.171246 0.172006
6606.93 0.168121 0.166674 0.17053 0.171284 0.172045
6839.12 0.168122 0.166675 0.170568 0.171323 0.172084
7079.46 0.168122 0.166675 0.170606 0.171361 0.172123
7328.25 0.168123 0.166676 0.170644 0.171399 0.172161
7585.78 0.168123 0.166676 0.170682 0.171438 0.1722
7852.36 0.168124 0.166677 0.17072 0.171476 0.172239
8128.31 0.168124 0.166677 0.170758 0.171514 0.172277
8413.95 0.168125 0.166678 0.170796 0.171553 0.172316
8709.64 0.168125 0.166678 0.170834 0.171591 0.172355
9015.71 0.168126 0.166678 0.170872 0.171629 0.172393
9332.54 0.168126 0.166679 0.17091 0.171668 0.172432
9660.51 0.168126 0.166679 0.170948 0.171706 0.172471
10000 0.168127 0.166679 0.170986 0.171744 0.172509
