10 10.5958 10.2194 8.90759 9.33238 9.67573
10.3514 10.9667 10.5767 9.24162 9.67703 10.0293
10.7152 11.3505 10.9465 9.58786 10.0342 10.3956
11.0917 11.7478 11.3291 9.94673 10.4043 10.7751
11.4815 12.1589 11.7252 10.3187 10.7877 11.1683
11.885 12.5844 12.135 10.7042 11.1851 11.5756
12.3027 13.0248 12.5591 11.1038 11.5969 11.9976
12.735 13.4805 12.998 11.5179 12.0235 12.4348
13.1826 13.9521 13.4522 11.9471 12.4656 12.8877
13.6458 14.4402 13.9222 12.392 12.9236 13.3569
14.1254 14.9454 14.4086 12.8529 13.3982 13.8429
14.6218 15.4681 14.9119 13.3307 13.8899 14.3464
15.1356 16.0091 15.4327 13.8257 14.3994 14.868
15.6675 16.569 15.9717 14.3388 14.9272 15.4082
16.2181 17.1483 16.5294 14.8704 15.474 15.9679
16.788 17.7479 17.1065 15.4213 16.0406 16.5476
17.378 18.3684 17.7037 15.9922 16.6275 17.1481
17.9887 19.0105 18.3217 16.5837 17.2356 17.7702
18.6209 19.675 18.9611 17.1967 17.8655 18.4144
19.2752 20.3626 19.6228 17.8317 18.5181 19.0818
19.9526 21.0742 20.3074 18.4897 19.1942 19.773
20.6538 21.8105 21.0159 19.1715 19.8945 20.4889
21.3796 22.5725 21.7489 19.8779 20.62 21.2305
22.1309 23.361 22.5073 20.6097 21.3715 21.9985
22.9087 24.177 23.2921 21.368 22.1499 22.7939
23.7137 25.0213 24.1041 22.1535 22.9563 23.6177
24.5471 25.895 24.9443 22.9673 23.7915 24.4709
25.4097 26.7991 25.8135 23.8103 24.6567 25.3545
26.3027 27.7346 26.7129 24.6837 25.5528 26.2696
27.227 28.7027 27.6435 25.5884 26.4809 27.2171
28.1838 29.7044 28.6062 26.5256 27.4423 28.1982
29.1743 30.7409 29.6023 27.4965 28.438 29.2145
30.1995 31.8134 30.6329 28.5021 29.4693 30.2672
31.2608 32.9232 31.6991 29.5438 30.5374 31.3574
32.3594 34.0715 32.8021 30.6227 31.6436 32.4865
33.4965 35.2597 33.9433 31.7403 32.7892 33.6559
34.6737 36.4891 35.1239 32.8978 33.9757 34.8669
35.8922 37.7612 36.3453 34.0966 35.2045 36.121
37.1535 39.0775 37.6088 35.3383 36.4771 37.4198
38.4592 40.4394 38.916 36.6243 37.7949 38.7647
39.8107 41.8485 40.2682 37.9561 39.1596 40.1575
41.2098 43.3065 41.667 39.3354 40.5729 41.5997
42.658 44.8151 43.114 40.7638 42.0364 43.0933
44.157 46.3714 44.6108 42.2431 43.5519 44.6399
45.7088 47.9811 46.1593 43.7749 45.1212 46.2414
47.3151 49.6479 47.7616 45.3612 46.751 47.8997
48.9779 51.3728 49.4188 47.0195 48.4378 49.6166
50.6991 53.1576 51.133 48.7294 50.1832 51.3942
52.4807 55.0042 52.9062 50.4983 51.99 53.2347
54.325 56.9146 54.7403 52.3293 53.8606 55.1403
56.2341 58.8911 56.6374 54.2248 55.7972 57.1133
58.2103 60.9358 58.5998 56.1873 57.8024 59.156
60.256 63.051 60.6295 58.2192 59.8784 61.271
62.3735 65.2392 62.7289 60.3231 62.0279 63.4607
64.5654 67.5029 64.9004 62.5015 64.2533 65.7277
66.8344 69.8445 67.1464 64.7571 66.5574 68.0748
69.1831 72.2669 69.4694 67.0925 68.9428 70.5048
71.6143 74.7726 71.8721 69.5106 71.4125 73.0205
74.131 77.3647 74.3572 72.0144 73.9695 75.625
76.7361 80.0459 76.9274 74.6067 76.6166 78.3214
79.4328 82.8194 79.5857 77.2908 79.3571 81.1129
82.2243 85.6883 82.3352 80.0699 82.1941 84.0028
85.1138 88.6558 85.1788 82.9472 85.1306 86.9946
88.1049 91.7253 88.1201 85.9263 88.1713 90.0919
91.2011 94.9003 91.1625 89.0107 91.3196 93.2982
94.4061 98.1844 94.3082 92.2042 94.5791 96.6175
97.7237 101.581 97.5611 95.5104 97.9537 100.054
101.158 105.095 100.925 98.9335 101.447 103.611
104.713 108.729 104.403 102.477 105.064 107.293
108.393 112.487 108 106.146 108.809 111.105
112.202 116.375 111.72 109.945 112.685 115.051
116.145 120.396 115.566 113.878 116.698 119.136
120.226 124.555 119.544 117.949 120.853 123.365
124.451 128.857 123.657 122.164 125.153 127.742
128.825 133.305 127.91 126.528 129.606 132.274
133.352 137.907 132.307 131.045 134.215 136.964
138.038 142.666 136.854 135.722 138.986 141.82
142.889 147.587 141.556 140.564 143.925 146.846
147.911 152.678 146.418 145.576 149.038 152.049
153.109 157.942 151.444 150.765 154.331 157.435
158.489 163.387 156.642 156.137 159.811 163.009
164.059 169.018 162.016 161.697 165.483 168.78
169.824 174.842 167.573 167.454 171.354 174.753
175.792 180.865 173.318 173.414 177.432 180.937
181.97 187.094 179.258 179.583 183.724 187.337
188.365 193.536 185.4 185.97 190.236 193.962
194.984 200.198 191.749 192.581 196.978 200.82
201.837 207.087 198.315 199.425 203.957 207.918
208.93 214.212 205.102 206.51 211.181 215.266
216.272 221.581 212.119 213.844 218.659 222.871
223.872 229.201 219.375 221.437 226.4 230.743
231.739 237.081 226.875 229.296 234.413 238.892
239.883 245.231 234.63 237.432 242.707 247.327
248.313 253.658 242.647 245.855 251.292 256.058
257.04 262.374 250.935 254.573 260.18 265.095
266.073 271.386 259.503 263.598 269.379 274.449
275.423 280.707 268.361 272.941 278.902 284.131
285.102 290.345 277.518 282.612 288.759 294.153
295.121 300.312 286.984 292.623 298.962 304.526
305.492 310.619 296.77 302.986 309.524 315.264
316.228 321.278 306.887 313.714 320.456 326.378
327.341 332.3 317.344 324.819 331.773 337.881
338.844 343.697 328.155 336.314 343.487 349.789
350.752 355.484 339.33 348.214 355.612 362.114
363.078 367.672 350.881 360.531 368.162 374.871
375.837 380.275 362.822 373.282 381.154 388.075
389.045 393.308 375.165 386.481 394.602 401.743
402.717 406.785 387.924 400.144 408.521 415.89
416.869 420.721 401.112 414.288 422.93 430.533
431.519 435.132 414.744 428.928 437.844 445.689
446.684 450.034 428.834 444.083 453.282 461.377
462.381 465.443 443.398 459.771 469.262 477.615
478.63 481.378 458.451 476.01 485.803 494.422
495.45 497.855 474.01 492.82 502.924 511.818
512.861 514.893 490.092 510.221 520.647 529.825
530.884 532.512 506.713 528.233 538.991 548.462
549.541 550.731 523.891 546.878 557.98 567.753
568.853 569.572 541.646 566.179 577.635 587.721
588.844 589.056 559.995 586.158 597.979 608.388
609.537 609.209 578.959 606.839 619.038 629.78
630.957 630.041 598.558 628.247 640.837 651.921
653.131 651.578 618.812 650.407 663.4 674.839
676.083 673.846 639.744 673.346 686.755 698.56
699.842 696.868 661.376 697.091 710.93 723.112
724.436 720.672 683.73 721.671 735.953 748.525
749.894 745.283 706.83 747.114 761.855 774.829
776.247 770.728 730.701 773.452 788.666 802.054
803.526 797.037 755.367 800.715 816.418 830.234
831.764 824.237 780.856 828.936 845.144 859.401
860.994 852.359 807.193 858.149 874.877 889.59
891.251 881.435 834.407 888.389 905.655 920.837
922.571 911.495 862.525 919.691 937.513 953.179
954.993 942.574 891.578 952.093 970.488 986.654
988.553 974.705 921.595 985.634 1004.62 1021.3
1023.29 1007.92 952.608 1020.35 1039.95 1057.16
1059.25 1042.27 984.648 1056.29 1076.52 1094.28
1096.48 1077.77 1017.75 1093.49 1114.38 1132.7
1135.01 1114.48 1051.95 1132 1153.56 1172.47
1174.9 1152.42 1087.28 1171.87 1194.12 1213.62
1216.19 1191.65 1123.77 1213.13 1236.1 1256.22
1258.93 1232.21 1161.47 1255.85 1279.55 1300.31
1303.17 1274.13 1200.42 1300.06 1324.53 1345.95
1348.96 1317.47 1240.64 1345.83 1371.09 1393.18
1396.37 1362.27 1282.19 1393.21 1419.28 1442.07
1445.44 1408.59 1325.11 1442.25 1469.17 1492.66
1496.24 1456.46 1369.44 1493.01 1520.8 1545.03
1548.82 1505.95 1415.22 1545.56 1574.24 1599.24
1603.25 1557.11 1462.5 1599.96 1629.56 1655.34
1659.59 1609.98 1511.33 1656.27 1686.83 1713.4
1717.91 1664.64 1561.76 1714.55 1746.1 1773.49
1778.28 1721.13 1613.84 1774.89 1807.45 1835.69
1840.77 1779.53 1667.62 1837.34 1870.95 1900.06
1905.46 1839.89 1723.15 1901.99 1936.68 1966.68
1972.42 1902.27 1780.49 1968.91 2004.72 2035.63
2041.74 1966.75 1839.7 2038.18 2075.15 2106.98
2113.49 2033.39 1900.82 2109.89 2148.04 2180.83
2187.76 2102.26 1963.94 2184.12 2223.5 2257.26
2264.64 2173.45 2029.1 2260.95 2301.6 2336.35
2344.23 2247.01 2096.37 2340.49 2382.44 2418.2
2426.61 2323.04 2165.81 2422.82 2466.11 2502.89
2511.89 2401.61 2237.5 2508.04 2552.73 2590.52
2600.16 2482.81 2311.5 2596.26 2642.38 2681.21
2691.53 2566.72 2387.89 2687.58 2735.17 2775.07
2786.12 2653.43 2466.73 2782.11 2831.22 2872.2
2884.03 2743.03 2548.1 2879.96 2930.64 2972.72
2985.38 2835.62 2632.09 2981.25 3033.55 3076.74
3090.3 2931.29 2718.77 3086.1 3140.06 3184.4
3198.9 3030.15 2808.22 3194.63 3250.31 3295.84
3311.31 3132.3 2900.53 3306.98 3364.42 3411.18
3427.68 3237.84 2995.78 3423.27 3482.54 3530.57
3548.13 3346.89 3094.07 3543.65 3604.8 3654.13
3672.82 3459.56 3195.49 3668.26 3731.34 3782.03
3801.89 3575.97 3300.13 3797.25 3862.32 3914.42
3935.5 3696.23 3408.09 3930.78 3997.89 4051.45
4073.8 3820.48 3519.46 4068.99 4138.21 4193.29
4216.97 3948.84 3634.36 4212.07 4283.44 4340.1
4365.16 4081.45 3752.89 4360.17 4433.76 4492.08
4518.56 4218.44 3875.15 4513.48 4589.35 4649.39
4677.35 4359.96 4001.25 4672.17 4750.37 4812.24
4841.72 4506.14 4131.32 4836.44 4917.03 4980.82
5011.87 4657.15 4265.46 5006.48 5089.5 5155.34
5188 4813.13 4403.81 5182.5 5268.01 5336.02
5370.32 4974.24 4546.47 5364.71 5452.77 5523.08
5559.04 5140.66 4693.58 5553.32 5644.01 5716.76
5754.4 5312.55 4845.28 5748.55 5841.94 5917.32
5956.62 5490.08 5001.68 5950.65 6046.79 6125.02
6165.95 5673.44 5162.93 6159.85 6258.83 6340.15
6382.63 5862.81 5329.17 6376.4 6478.3 6563.03
6606.93 6058.38 5500.54 6600.56 6705.48 6794.04
6839.12 6260.36 5677.19 6832.6 6940.63 7033.63
7079.46 6468.94 5859.27 7072.79 7184.03 7282.54
7328.25 6684.34 6046.94 7321.43 7435.97 7558.5
7585.78 6906.76 6240.34 7578.8 7696.76 7825.83
7852.36 7136.45 6439.65 7845.22 7966.71 8104.95
8128.31 7373.62 6645.03 8121 8246.13 8401.29
8413.95 7618.51 6856.65 8406.47 8535.36 8696.25
8709.64 7871.37 7074.68 8701.97 8834.76 9001.56
9015.71 8132.44 7299.3 9007.86 9144.68 9317.6
9332.54 8401.99 7530.69 9324.5 9465.49 9644.75
9660.51 8680.28 7769.03 9652.26 9797.59 9983.38
10000 8967.59 8014.51 9991.55 10141.4 10333.9
