10 10.5916 10.1434 9.17726 9.41793 9.65474
10.3514 10.9632 10.4992 9.51164 9.76055 10.0055
10.7152 11.3478 10.8674 9.85813 10.1156 10.3689
11.0917 11.7458 11.2486 10.2172 10.4835 10.7455
11.4815 12.1577 11.643 10.5893 10.8647 11.1357
11.885 12.5841 12.0513 10.9748 11.2597 11.54
12.3027 13.0253 12.4738 11.3743 11.6689 11.9589
12.735 13.482 12.9111 11.7883 12.093 12.3929
13.1826 13.9547 13.3637 12.2172 12.5324 12.8426
13.6458 14.4439 13.8321 12.6617 12.9877 13.3086
14.1254 14.9501 14.3168 13.1223 13.4594 13.7913
14.6218 15.4741 14.8185 13.5995 13.9482 14.2915
15.1356 16.0163 15.3377 14.0939 14.4546 14.8097
15.6675 16.5775 15.875 14.6063 14.9793 15.3466
16.2181 17.1583 16.431 15.1371 15.523 15.9028
16.788 17.7593 17.0065 15.6871 16.0862 16.4791
17.378 18.3813 17.602 16.2569 16.6698 17.0762
17.9887 19.025 18.2182 16.8474 17.2744 17.6948
18.6209 19.6911 18.856 17.4591 17.9007 18.3356
19.2752 20.3805 19.5159 18.0928 18.5497 18.9995
19.9526 21.0939 20.1989 18.7494 19.222 19.6872
20.6538 21.8321 20.9056 19.4297 19.9185 20.3997
21.3796 22.5961 21.6369 20.1344 20.64 21.1379
22.1309 23.3867 22.3936 20.8645 21.3875 21.9025
22.9087 24.2048 23.1767 21.6209 22.1619 22.6946
23.7137 25.0513 23.987 22.4045 22.9641 23.5152
24.5471 25.9274 24.8254 23.2163 23.7951 24.3652
25.4097 26.8339 25.693 24.0572 24.656 25.2457
26.3027 27.7719 26.5907 24.9283 25.5477 26.1578
27.227 28.7425 27.5196 25.8307 26.4715 27.1026
28.1838 29.7469 28.4807 26.7655 27.4283 28.0813
29.1743 30.7862 29.4751 27.7338 28.4195 29.095
30.1995 31.8615 30.504 28.7368 29.4462 30.1451
31.2608 32.9742 31.5686 29.7757 30.5096 31.2327
32.3594 34.1256 32.6701 30.8519 31.6112 32.3593
33.4965 35.3169 33.8097 31.9665 32.7521 33.5262
34.6737 36.5496 34.9887 33.121 33.9339 34.7348
35.8922 37.825 36.2086 34.3168 35.1578 35.9866
37.1535 39.1446 37.4706 35.5554 36.4256 37.2832
38.4592 40.5101 38.7763 36.8381 37.7386 38.6261
39.8107 41.9228 40.127 38.1667 39.0985 40.017
41.2098 43.3845 41.5245 39.5426 40.5069 41.4575
42.658 44.8969 42.9701 40.9676 41.9656 42.9495
44.157 46.4566 44.4656 42.4434 43.4763 44.4947
45.7088 48.0697 46.0129 43.9717 45.0408 46.0952
47.3151 49.7401 47.6144 45.5544 46.6652 47.753
48.9779 51.4688 49.2707 47.2045 48.3467 49.4694
50.6991 53.2574 50.984 48.9082 50.0871 51.2468
52.4807 55.1079 52.7564 50.6714 51.8891 53.0874
54.325 57.0223 54.5897 52.4967 53.7549 54.9934
56.2341 59.0028 56.4862 54.3867 55.687 56.9671
58.2103 61.0515 58.4479 56.3437 57.6876 59.0108
60.256 63.1709 60.4771 58.3701 59.7593 61.1272
62.3735 65.3632 62.5761 60.4685 61.9045 63.3186
64.5654 67.6311 64.7473 62.6414 64.1259 65.5878
66.8344 69.9769 66.993 64.8913 66.426 67.9375
69.1831 72.4035 69.316 67.2211 68.8078 70.3706
71.6143 74.9135 71.7187 69.6336 71.274 72.8898
74.131 77.5097 74.2038 72.1316 73.8276 75.4983
76.7361 80.1951 76.7743 74.7182 76.4718 78.1993
79.4328 82.9728 79.433 77.3965 79.2096 80.9959
82.2243 85.8458 82.1828 80.1697 82.0444 83.8914
85.1138 88.8174 85.0269 83.0412 84.9796 86.8895
88.1049 91.891 87.9684 86.0143 88.0187 89.9936
91.2011 95.07 91.0108 89.0928 91.1654 93.2075
94.4061 98.358 94.1573 92.2802 94.4233 96.5351
97.7237 101.759 97.4116 95.5804 97.7965 99.9803
101.158 105.276 100.777 98.9974 101.289 103.547
104.713 108.914 104.258 102.535 104.905 107.24
108.393 112.676 107.858 106.198 108.649 111.064
112.202 116.567 111.581 109.991 112.525 115.022
116.145 120.591 115.431 113.917 116.538 119.12
120.226 124.753 119.413 117.982 120.692 123.363
124.451 129.058 123.531 122.191 124.993 127.755
128.825 133.509 127.79 126.548 129.447 132.303
133.352 138.113 132.194 131.06 134.057 137.011
138.038 142.874 136.749 135.73 138.83 141.885
142.889 147.798 141.459 140.566 143.771 146.93
147.911 152.89 146.329 145.572 148.886 152.154
153.109 158.156 151.366 150.754 154.182 157.562
158.489 163.603 156.575 156.12 159.665 163.16
164.059 169.235 161.961 161.674 165.341 168.956
169.824 175.059 167.531 167.425 171.217 174.955
175.792 181.082 173.291 173.378 177.3 181.166
181.97 187.311 179.248 179.541 183.597 187.596
188.365 193.752 185.407 185.921 190.116 194.252
194.984 200.414 191.776 192.526 196.865 201.142
201.837 207.302 198.363 199.364 203.851 208.275
208.93 214.426 205.173 206.442 211.083 215.659
216.272 221.792 212.216 213.77 218.57 223.303
223.872 229.409 219.498 221.356 226.321 231.216
231.739 237.287 227.029 229.209 234.344 239.407
239.883 245.433 234.815 237.339 242.65 247.886
248.313 253.856 242.867 245.755 251.248 256.664
257.04 262.567 251.193 254.467 260.148 265.75
266.073 271.575 259.802 263.486 269.362 275.156
275.423 280.889 268.704 272.822 278.9 284.893
285.102 290.521 277.909 282.487 288.773 294.972
295.121 300.481 287.427 292.492 298.994 305.406
305.492 310.78 297.269 302.849 309.574 316.206
316.228 321.431 307.446 313.57 320.526 327.386
327.341 332.443 317.968 324.668 331.863 338.959
338.844 343.831 328.849 336.157 343.599 350.939
350.752 355.607 340.099 348.05 355.748 363.34
363.078 367.784 351.732 360.362 368.324 376.177
375.837 380.375 363.761 373.106 381.342 389.465
389.045 393.395 376.198 386.299 394.818 403.22
402.717 406.859 389.058 399.955 408.767 417.458
416.869 420.78 402.355 414.092 423.207 432.197
431.519 435.176 416.104 428.726 438.154 447.453
446.684 450.061 430.321 443.875 453.627 463.246
462.381 465.454 445.02 459.556 469.644 479.593
478.63 481.37 460.219 475.789 486.223 496.515
495.45 497.827 475.934 492.592 503.386 514.032
512.861 514.845 492.183 509.987 521.151 532.164
530.884 532.441 508.985 527.992 539.541 550.933
549.541 550.637 526.356 546.631 558.577 570.361
568.853 569.451 544.318 565.925 578.282 590.472
588.844 588.906 562.891 585.897 598.68 611.289
609.537 609.022 582.093 606.572 619.794 632.837
630.957 629.823 601.949 627.973 641.65 655.143
653.131 651.331 622.478 650.126 664.275 678.232
676.083 673.571 643.704 673.058 687.694 702.132
699.842 696.568 665.652 696.797 711.936 726.872
724.436 720.346 688.344 721.369 737.03 752.48
749.894 744.934 711.808 746.806 763.006 778.988
776.247 770.357 736.067 773.136 789.894 806.427
803.526 796.646 761.151 800.392 817.727 834.83
831.764 823.828 787.086 828.606 846.539 864.23
860.994 851.935 813.902 857.811 876.362 894.664
891.251 880.997 841.628 888.043 907.233 926.166
922.571 911.048 870.295 919.338 939.189 958.774
954.993 942.12 899.935 951.732 972.267 992.528
988.553 974.249 930.581 985.265 1006.51 1027.47
1023.29 1007.47 962.268 1019.98 1041.95 1063.63
1059.25 1041.82 995.03 1055.91 1078.64 1101.07
1096.48 1077.34 1028.9 1093.1 1116.62 1139.82
1135.01 1114.07 1063.93 1131.6 1155.93 1179.93
1174.9 1152.04 1100.14 1171.46 1196.62 1221.45
1216.19 1191.31 1137.58 1212.71 1238.75 1264.43
1258.93 1231.91 1176.29 1255.42 1282.35 1308.92
1303.17 1273.89 1216.32 1299.63 1327.48 1354.97
1348.96 1317.3 1257.7 1345.39 1374.21 1402.64
1396.37 1362.18 1300.49 1392.75 1422.57 1451.98
1445.44 1408.59 1344.73 1441.79 1472.63 1503.06
1496.24 1456.58 1390.47 1492.54 1524.45 1555.93
1548.82 1506.2 1437.77 1545.08 1578.09 1610.66
1603.25 1557.5 1486.67 1599.47 1633.61 1667.3
1659.59 1610.55 1537.22 1655.76 1691.09 1725.94
1717.91 1665.4 1589.5 1714.04 1750.58 1786.64
1778.28 1722.12 1643.54 1774.36 1812.16 1849.47
1840.77 1780.76 1699.42 1836.81 1875.91 1914.5
1905.46 1841.4 1757.2 1901.44 1941.9 1981.82
1972.42 1904.09 1816.93 1968.35 2010.2 2051.5
2041.74 1968.92 1878.69 2037.61 2080.91 2123.63
2113.49 2035.95 1942.55 2109.31 2154.1 2198.3
2187.76 2105.26 2008.57 2183.52 2229.86 2275.58
2264.64 2176.92 2076.84 2260.35 2308.28 2355.58
2344.23 2251.02 2147.41 2339.87 2389.46 2438.39
2426.61 2327.64 2220.39 2422.19 2473.48 2524.11
2511.89 2406.86 2295.83 2507.4 2560.46 2612.84
2600.16 2488.77 2373.84 2595.6 2650.5 2704.68
2691.53 2573.47 2454.49 2686.9 2743.7 2799.75
2786.12 2661.04 2537.88 2781.42 2840.17 2898.16
2884.03 2751.59 2624.09 2879.25 2940.03 3000.02
2985.38 2845.21 2713.23 2980.52 3043.4 3105.46
3090.3 2942.02 2805.39 3085.35 3150.4 3214.61
3198.9 3042.11 2900.68 3193.87 3261.16 3327.58
3311.31 3145.61 2999.2 3306.2 3375.82 3444.53
3427.68 3252.62 3101.06 3422.47 3494.5 3565.58
3548.13 3363.26 3206.37 3542.83 3617.34 3690.88
3672.82 3477.67 3315.26 3667.43 3744.51 3820.59
3801.89 3595.96 3427.83 3796.4 3876.14 3954.85
3935.5 3718.27 3544.22 3929.9 4012.4 4093.82
4073.8 3844.73 3664.56 4068.09 4153.44 4237.68
4216.97 3975.49 3788.98 4211.14 4299.44 4386.58
4365.16 4110.69 3917.62 4359.22 4450.56 4540.72
4518.56 4250.48 4050.62 4512.5 4607 4700.27
4677.35 4395.02 4188.13 4671.17 4768.93 4865.42
4841.72 4544.47 4330.3 4835.42 4936.55 5036.37
5011.87 4699 4477.29 5005.43 5110.06 5213.33
5188 4858.77 4629.26 5181.42 5289.66 5396.5
5370.32 5023.97 4786.39 5363.6 5475.58 5586.11
5559.04 5194.79 4948.84 5552.18 5668.02 5782.37
5754.4 5371.4 5116.8 5747.38 5867.23 5985.52
5956.62 5554.01 5290.45 5949.45 6073.43 6195.81
6165.95 5742.82 5469.98 6158.61 6286.88 6413.49
6382.63 5938.04 5655.61 6375.13 6507.83 6638.81
6606.93 6139.89 5847.52 6599.26 6736.53 6872.04
6839.12 6348.6 6045.94 6831.26 6973.28 7113.47
7079.46 6564.39 6251.08 7071.41 7218.34 7363.37
7328.25 6787.52 6463.18 7320.01 7472.01 7622.05
7585.78 7018.21 6682.46 7577.34 7734.59 7889.82
7852.36 7256.74 6909.17 7843.71 8006.39 8166.99
8128.31 7503.37 7143.57 8119.45 8287.75 8453.89
8413.95 7758.37 7385.91 8404.87 8578.99 8750.87
8709.64 8022.03 7636.47 8700.33 8880.46 9058.27
9015.71 8294.65 7895.51 9006.17 9192.52 9376.48
9332.54 8576.51 8163.33 9322.75 9515.54 9705.86
9660.51 8867.95 8440.23 9650.46 9849.91 10046.8
10000 9169.28 8726.51 9989.69 10196 10399.7
