10 10.6199 10.2273 8.97417 9.36157 9.68723
10.3514 10.9916 10.5849 9.30803 9.70595 10.0407
10.7152 11.3763 10.955 9.65408 10.0628 10.4068
11.0917 11.7744 11.3379 10.0127 10.4326 10.7862
11.4815 12.1865 11.7342 10.3845 10.8158 11.1792
11.885 12.6129 12.1443 10.7698 11.2129 11.5865
12.3027 13.0542 12.5687 11.1691 11.6243 12.0083
12.735 13.5109 13.0079 11.583 12.0507 12.4454
13.1826 13.9836 13.4624 12.0119 12.4924 12.8982
13.6458 14.4727 13.9327 12.4564 12.9501 13.3673
14.1254 14.979 14.4194 12.917 13.4244 13.8532
14.6218 15.5028 14.923 13.3944 13.9158 14.3567
15.1356 16.0449 15.4442 13.8891 14.4249 14.8782
15.6675 16.606 15.9835 14.4018 14.9524 15.4184
16.2181 17.1866 16.5416 14.933 15.4989 15.978
16.788 17.7874 17.119 15.4836 16.0651 16.5577
17.378 18.4091 17.7166 16.054 16.6517 17.1583
17.9887 19.0525 18.3349 16.6451 17.2594 17.7803
18.6209 19.7183 18.9747 17.2576 17.889 18.4246
19.2752 20.4073 19.6367 17.8922 18.5413 19.0921
19.9526 21.1203 20.3217 18.5498 19.217 19.7834
20.6538 21.8581 21.0305 19.2311 19.917 20.4994
21.3796 22.6215 21.7639 19.937 20.6422 21.2411
22.1309 23.4115 22.5227 20.6684 21.3934 22.0093
22.9087 24.229 23.3079 21.4261 22.1715 22.805
23.7137 25.0749 24.1203 22.2112 22.9776 23.629
24.5471 25.9502 24.9608 23.0245 23.8126 24.4825
25.4097 26.8559 25.8305 23.8671 24.6775 25.3664
26.3027 27.793 26.7302 24.7401 25.5734 26.2817
27.227 28.7627 27.6612 25.6444 26.5014 27.2294
28.1838 29.766 28.6243 26.5812 27.4626 28.2111
29.1743 30.8042 29.6208 27.5517 28.4582 29.228
30.1995 31.8783 30.6517 28.557 29.4894 30.2813
31.2608 32.9898 31.7183 29.5984 30.5574 31.3721
32.3594 34.1397 32.8218 30.6772 31.6636 32.5019
33.4965 35.3295 33.9633 31.7946 32.8094 33.672
34.6737 36.5605 35.1443 32.952 33.996 34.8838
35.8922 37.8342 36.3661 34.1509 35.2249 36.1387
37.1535 39.152 37.63 35.3927 36.4976 37.4383
38.4592 40.5153 38.9375 36.6789 37.8158 38.7842
39.8107 41.9259 40.2901 38.0111 39.1808 40.1779
41.2098 43.3852 41.6893 39.3909 40.5945 41.6211
42.658 44.895 43.1367 40.82 42.0586 43.1157
44.157 46.4569 44.6339 42.3001 43.5747 44.6633
45.7088 48.0729 46.1827 43.833 45.1447 46.2659
47.3151 49.7446 47.7848 45.4205 46.7706 47.9254
48.9779 51.4741 49.4419 47.0647 48.4542 49.6438
50.6991 53.2633 51.1561 48.7674 50.1976 51.4231
52.4807 55.1142 52.9291 50.5308 52.003 53.2654
54.325 57.029 54.7631 52.3569 53.8724 55.1731
56.2341 59.0097 56.66 54.2481 55.8081 57.1484
58.2103 61.0588 58.6221 56.2064 57.8124 59.1936
60.256 63.1785 60.6514 58.2344 59.8879 61.3112
62.3735 65.3712 62.7504 60.3345 62.0368 63.5038
64.5654 67.6394 64.9213 62.5092 64.2619 65.7739
66.8344 69.9856 67.1666 64.761 66.5657 68.1244
69.1831 72.4126 69.4889 67.0928 68.9511 70.5579
71.6143 74.9232 71.8907 69.5073 71.4208 73.0775
74.131 77.52 74.3747 72.0075 73.9779 75.6861
76.7361 80.2061 76.9437 74.5963 76.6253 78.3868
79.4328 82.9845 79.6007 77.2768 79.3662 81.1829
82.2243 85.8584 82.3486 80.0523 82.2037 84.0778
85.1138 88.831 85.1906 82.926 85.141 87.0748
88.1049 91.9056 88.1299 85.9016 88.1826 90.1776
91.2011 95.0858 91.1703 88.9824 91.332 93.3898
94.4061 98.3751 94.3138 92.1722 94.5928 96.7153
97.7237 101.777 97.5641 95.4749 97.9688 100.158
101.158 105.296 100.925 98.8943 101.464 103.722
104.713 108.935 104.401 102.435 105.083 107.412
108.393 112.7 107.994 106.1 108.829 111.232
112.202 116.593 111.71 109.895 112.708 115.186
116.145 120.619 115.552 113.824 116.723 119.28
120.226 124.783 119.525 117.892 120.88 123.518
124.451 129.09 123.633 122.103 125.184 127.905
128.825 133.545 127.881 126.463 129.639 132.446
133.352 138.151 132.273 130.977 134.252 137.147
138.038 142.915 136.813 135.65 139.027 142.014
142.889 147.842 141.508 140.488 143.97 147.052
147.911 152.938 146.363 145.496 149.087 152.267
153.109 158.208 151.382 150.681 154.385 157.665
158.489 163.657 156.571 156.049 159.869 163.254
164.059 169.293 161.935 161.607 165.546 169.039
169.824 175.122 167.482 167.36 171.423 175.027
175.792 181.149 173.216 173.315 177.506 181.226
181.97 187.382 179.145 179.481 183.804 187.642
188.365 193.828 185.274 185.864 190.324 194.285
194.984 200.494 191.61 192.471 197.072 201.16
201.837 207.387 198.161 199.311 204.059 208.277
208.93 214.515 204.933 206.393 211.291 215.645
216.272 221.887 211.933 213.723 218.777 223.27
223.872 229.509 219.171 221.311 226.526 231.164
231.739 237.392 226.652 229.167 234.548 239.335
239.883 245.543 234.386 237.299 242.852 247.793
248.313 253.972 242.381 245.718 251.448 256.548
257.04 262.687 250.645 254.432 260.347 265.611
266.073 271.7 259.188 263.453 269.557 274.992
275.423 281.02 268.019 272.792 279.092 284.702
285.102 290.656 277.148 282.459 288.962 294.752
295.121 300.621 286.583 292.467 299.178 305.156
305.492 310.925 296.336 302.826 309.754 315.925
316.228 321.58 306.418 313.55 320.701 327.072
327.341 332.596 316.838 324.651 332.033 338.609
338.844 343.988 327.608 336.142 343.762 350.552
350.752 355.767 338.741 348.037 355.904 362.914
363.078 367.947 350.247 360.351 368.473 375.71
375.837 380.54 362.14 373.098 381.483 388.955
389.045 393.562 374.431 386.293 394.95 402.664
402.717 407.027 387.135 399.952 408.89 416.854
416.869 420.948 400.264 414.091 423.319 431.542
431.519 435.343 413.834 428.728 438.255 446.746
446.684 450.227 427.858 443.879 453.716 462.482
462.381 465.617 442.351 459.562 469.72 478.771
478.63 481.529 457.329 475.797 486.286 495.631
495.45 497.982 472.808 492.603 503.433 513.083
512.861 514.994 488.804 510 521.183 531.146
530.884 532.584 505.334 528.008 539.556 549.843
549.541 550.771 522.416 546.649 558.574 569.195
568.853 569.577 540.068 565.945 578.26 589.227
588.844 589.024 558.309 585.92 598.637 609.96
609.537 609.137 577.157 606.597 619.73 631.421
630.957 629.924 596.632 628 641.563 653.634
653.131 651.412 616.755 650.156 664.162 676.626
676.083 673.626 637.548 673.09 687.556 700.423
699.842 696.592 659.031 696.831 711.77 725.056
724.436 720.333 681.228 721.406 736.834 750.551
749.894 744.877 704.161 746.845 762.779 776.941
776.247 770.25 727.853 773.178 789.634 804.255
803.526 796.481 752.331 800.436 817.432 832.527
831.764 823.597 777.619 828.653 846.205 861.789
860.994 851.629 803.742 857.861 875.989 892.078
891.251 880.607 830.729 888.096 906.819 923.427
922.571 910.563 858.606 919.393 938.73 955.875
954.993 941.529 887.402 951.79 971.762 989.46
988.553 973.539 917.147 985.326 1005.95 1024.22
1023.29 1006.63 947.87 1020.04 1041.34 1060.2
1059.25 1040.83 979.604 1055.97 1077.98 1097.44
1096.48 1076.19 1012.38 1093.17 1115.9 1135.99
1135.01 1112.74 1046.23 1131.68 1155.15 1175.88
1174.9 1150.51 1081.19 1171.53 1195.77 1217.17
1216.19 1189.56 1117.29 1212.79 1237.83 1259.91
1258.93 1229.92 1154.58 1255.5 1281.36 1304.14
1303.17 1271.63 1193.08 1299.71 1326.42 1349.92
1348.96 1314.75 1232.84 1345.47 1373.05 1397.31
1396.37 1359.31 1273.89 1392.84 1421.33 1446.35
1445.44 1405.37 1316.27 1441.88 1471.3 1497.11
1496.24 1452.97 1360.04 1492.64 1523.02 1549.65
1548.82 1502.17 1405.22 1545.18 1576.56 1604.02
1603.25 1553.01 1451.87 1599.57 1631.98 1660.3
1659.59 1605.56 1500.02 1655.87 1689.34 1718.54
1717.91 1659.86 1549.74 1714.15 1748.71 1778.82
1778.28 1715.98 1601.05 1774.48 1810.17 1841.2
1840.77 1773.97 1654.02 1836.93 1873.79 1905.77
1905.46 1833.9 1708.69 1901.57 1939.63 1972.59
1972.42 1895.82 1765.11 1968.48 2007.79 2041.74
2041.74 1959.81 1823.35 2037.75 2078.34 2113.3
2113.49 2025.93 1883.45 2109.45 2151.36 2187.36
2187.76 2094.24 1945.47 2183.67 2226.95 2263.99
2264.64 2164.83 2009.46 2260.49 2305.18 2343.29
2344.23 2237.77 2075.5 2340.02 2386.16 2425.33
2426.61 2313.12 2143.63 2422.34 2469.98 2510.22
2511.89 2390.97 2213.93 2507.56 2556.74 2598.07
2600.16 2471.41 2286.45 2595.77 2646.55 2688.99
2691.53 2554.5 2361.26 2687.08 2739.5 2783.07
2786.12 2640.34 2438.44 2781.6 2835.71 2880.42
2884.03 2729.02 2518.04 2879.44 2935.3 2981.18
2985.38 2820.63 2600.15 2980.71 3038.38 3085.47
3090.3 2915.25 2684.83 3085.55 3145.07 3193.41
3198.9 3013 2772.16 3194.07 3255.5 3305.14
3311.31 3113.96 2862.22 3306.41 3369.8 3420.77
3427.68 3218.24 2955.09 3422.69 3488.11 3540.46
3548.13 3325.95 3050.84 3543.06 3610.56 3664.35
3672.82 3437.19 3149.57 3667.66 3737.31 3792.58
3801.89 3552.07 3251.35 3796.64 3868.49 3925.31
3935.5 3670.72 3356.28 3930.15 4004.27 4062.7
4073.8 3793.25 3464.44 4068.35 4144.8 4204.91
4216.97 3919.79 3575.92 4211.41 4290.25 4352.12
4365.16 4050.45 3690.82 4359.5 4440.78 4504.51
4518.56 4185.38 3809.24 4512.79 4596.58 4662.26
4677.35 4324.7 3931.26 4671.47 4757.81 4825.57
4841.72 4468.55 4057 4835.73 4924.67 4994.64
5011.87 4617.08 4186.55 5005.75 5097.36 5169.68
5188 4770.42 4320.01 5181.76 5276.11 5350.93
5370.32 4928.74 4457.5 5363.95 5461.1 5538.6
5559.04 5092.18 4599.12 5552.54 5652.56 5732.97
5754.4 5260.91 4744.99 5747.75 5850.73 5934.28
5956.62 5435.09 4895.21 5949.83 6055.85 6142.86
6165.95 5614.89 5049.9 6159.01 6268.17 6359.02
6382.63 5800.48 5209.18 6375.54 6487.93 6583.2
6606.93 5992.04 5373.16 6599.68 6715.41 6815.96
6839.12 6189.76 5541.98 6831.7 6950.87 7081.45
7079.46 6393.82 5715.74 7071.87 7194.6 7333.3
7328.25 6604.41 5894.58 7320.48 7446.88 7609.44
7585.78 6821.75 6078.63 7577.83 7708.01 7876.73
7852.36 7046.03 6268.01 7844.23 7978.32 8153.42
8128.31 7277.47 6462.85 8119.98 8258.12 8439.83
8413.95 7516.27 6663.29 8405.42 8547.76 8736.31
8709.64 7762.68 6869.45 8700.9 8847.57 9043.21
9015.71 8016.91 7081.48 9006.76 9157.93 9360.9
9332.54 8279.19 7299.51 9323.37 9479.21 9689.75
9660.51 8549.78 7523.68 9651.11 9811.79 10030.2
10000 8828.92 7754.13 9990.36 10156.1 10382.6
