10 10.6938 10.2244 9.28384 9.50945 9.73698
10.3514 11.0677 10.5818 9.61982 9.85345 10.0891
10.7152 11.4546 10.9517 9.96793 10.2099 10.4539
11.0917 11.8551 11.3345 10.3286 10.5791 10.8318
11.4815 12.2695 11.7306 10.7023 10.9617 11.2234
11.885 12.6983 12.1405 11.0894 11.3581 11.629
12.3027 13.1421 12.5647 11.4905 11.7687 12.0493
12.735 13.6014 13.0037 11.9061 12.1942 12.4848
13.1826 14.0766 13.458 12.3367 12.635 12.9359
13.6458 14.5685 13.9281 12.7828 13.0917 13.4033
14.1254 15.0774 14.4146 13.2449 13.5648 13.8875
14.6218 15.6041 14.918 13.7237 14.055 14.3891
15.1356 16.1491 15.439 14.2197 14.5628 14.9088
15.6675 16.7131 15.978 14.7336 15.0889 15.4472
16.2181 17.2967 16.5359 15.266 15.6339 16.0049
16.788 17.9007 17.1131 15.8176 16.1985 16.5827
17.378 18.5256 17.7104 16.389 16.7834 17.1813
17.9887 19.1723 18.3284 16.9809 17.3894 17.8014
18.6209 19.8414 18.968 17.5941 18.0171 18.4438
19.2752 20.5338 19.6297 18.2294 18.6675 19.1093
19.9526 21.2503 20.3145 18.8875 19.3411 19.7986
20.6538 21.9917 21.023 19.5693 20.039 20.5127
21.3796 22.7588 21.7561 20.2755 20.7619 21.2525
22.1309 23.5525 22.5147 21.0071 21.5108 22.0188
22.9087 24.3738 23.2995 21.7649 22.2865 22.8126
23.7137 25.2236 24.1116 22.55 23.0901 23.6348
24.5471 26.1029 24.9519 23.3632 23.9225 24.4866
25.4097 27.0126 25.8212 24.2055 24.7847 25.3689
26.3027 27.9539 26.7207 25.0781 25.6778 26.2828
27.227 28.9278 27.6514 25.9819 26.603 27.2294
28.1838 29.9355 28.6143 26.9181 27.5612 28.2099
29.1743 30.978 29.6105 27.8878 28.5538 29.2255
30.1995 32.0567 30.6411 28.8923 29.5819 30.2775
31.2608 33.1726 31.7075 29.9327 30.6468 31.3671
32.3594 34.3272 32.8106 31.0103 31.7498 32.4956
33.4965 35.5217 33.952 32.1265 32.8922 33.6646
34.6737 36.7575 35.1327 33.2825 34.0755 34.8752
35.8922 38.036 36.3542 34.4799 35.301 36.1292
37.1535 39.3587 37.618 35.7201 36.5703 37.4279
38.4592 40.7271 38.9253 37.0045 37.885 38.773
39.8107 42.1427 40.2777 38.3348 39.2465 40.1661
41.2098 43.6072 41.6768 39.7126 40.6567 41.6089
42.658 45.1222 43.1241 41.1395 42.1171 43.1031
44.157 46.6894 44.6212 42.6173 43.6296 44.6507
45.7088 48.3107 46.17 44.1478 45.196 46.2533
47.3151 49.9878 47.7721 45.7328 46.8183 47.9131
48.9779 51.7227 49.4293 47.3743 48.4983 49.632
50.6991 53.5173 51.1435 49.0742 50.2381 51.4121
52.4807 55.3737 52.9167 50.8347 52.0399 53.2555
54.325 57.2941 54.7509 52.6578 53.9058 55.1646
56.2341 59.2804 56.6481 54.5458 55.8381 57.1415
58.2103 61.3351 58.6105 56.5009 57.839 59.1887
60.256 63.4604 60.6403 58.5255 59.9111 61.3087
62.3735 65.6587 62.7398 60.622 62.0568 63.504
64.5654 67.9325 64.9114 62.793 64.2788 65.7773
66.8344 70.2844 67.1574 65.0411 66.5796 68.1313
69.1831 72.717 69.4805 67.3691 68.9621 70.5689
71.6143 75.2331 71.8832 69.7796 71.4292 73.093
74.131 77.8355 74.3682 72.2757 73.9838 75.7066
76.7361 80.5272 76.9384 74.8603 76.629 78.413
79.4328 83.3111 79.5966 77.5365 79.368 81.2152
82.2243 86.1904 82.3458 80.3076 82.204 84.1168
85.1138 89.1684 85.189 83.1769 85.1406 87.1212
88.1049 92.2483 88.1296 86.1479 88.1812 90.2321
91.2011 95.4337 91.1707 89.224 91.3295 93.4531
94.4061 98.7281 94.3158 92.4091 94.5892 96.7882
97.7237 102.135 97.5684 95.7069 97.9643 100.241
101.158 105.659 100.932 99.1214 101.459 103.817
104.713 109.303 104.411 102.657 105.077 107.518
108.393 113.072 108.008 106.317 108.823 111.351
112.202 116.969 111.728 110.107 112.702 115.319
116.145 121 115.576 114.03 116.717 119.428
120.226 125.168 119.554 118.093 120.875 123.682
124.451 129.479 123.668 122.299 125.18 128.086
128.825 133.937 127.923 126.653 129.636 132.645
133.352 138.547 132.322 131.161 134.25 137.366
138.038 143.314 136.872 135.829 139.027 142.253
142.889 148.244 141.576 140.661 143.973 147.313
147.911 153.342 146.441 145.664 149.093 152.552
153.109 158.614 151.471 150.843 154.394 157.975
158.489 164.066 156.673 156.205 159.882 163.59
164.059 169.703 162.052 161.757 165.563 169.403
169.824 175.533 167.613 167.504 171.445 175.421
175.792 181.561 173.365 173.453 177.535 181.651
181.97 187.794 179.311 179.613 183.839 188.101
188.365 194.24 185.46 185.989 190.365 194.779
194.984 200.906 191.818 192.591 197.121 201.691
201.837 207.798 198.393 199.425 204.116 208.848
208.93 214.925 205.191 206.5 211.357 216.257
216.272 222.294 212.219 213.824 218.853 223.926
223.872 229.914 219.487 221.406 226.614 231.866
231.739 237.793 227.002 229.255 234.647 240.086
239.883 245.941 234.772 237.381 242.964 248.595
248.313 254.365 242.806 245.793 251.573 257.405
257.04 263.076 251.112 254.501 260.486 266.524
266.073 272.083 259.701 263.515 269.713 275.964
275.423 281.397 268.581 272.848 279.264 285.737
285.102 291.027 277.763 282.508 289.152 295.854
295.121 300.984 287.257 292.509 299.388 306.328
305.492 311.28 297.072 302.861 309.984 317.17
316.228 321.925 307.221 313.578 320.954 328.393
327.341 332.932 317.714 324.672 332.309 340.012
338.844 344.313 328.563 336.157 344.064 352.04
350.752 356.081 339.78 348.045 356.232 364.491
363.078 368.248 351.377 360.352 368.829 377.38
375.837 380.829 363.368 373.092 381.869 390.722
389.045 393.836 375.765 386.28 395.368 404.535
402.717 407.286 388.583 399.932 409.341 418.833
416.869 421.191 401.835 414.064 423.807 433.634
431.519 435.569 415.537 428.693 438.781 448.956
446.684 450.435 429.703 443.837 454.281 464.817
462.381 465.806 444.348 459.513 470.328 481.236
478.63 481.698 459.491 475.741 486.938 498.233
495.45 498.13 475.146 492.539 504.133 515.827
512.861 515.119 491.332 509.928 521.932 534.041
530.884 532.684 508.066 527.929 540.358 552.895
549.541 550.846 525.367 546.563 559.431 572.412
568.853 569.623 543.254 565.851 579.175 592.616
588.844 589.037 561.747 585.818 599.614 613.53
609.537 609.11 580.866 606.487 620.771 635.18
630.957 629.864 600.633 627.883 642.672 657.591
653.131 651.322 621.069 650.031 665.343 680.79
676.083 673.507 642.197 672.957 688.812 704.805
699.842 696.444 664.041 696.69 713.105 729.665
724.436 720.159 686.624 721.256 738.253 755.399
749.894 744.679 709.971 746.687 764.285 782.037
776.247 770.029 734.109 773.011 791.232 809.613
803.526 796.239 759.064 800.261 819.127 838.158
831.764 823.337 784.864 828.469 848.002 867.707
860.994 851.354 811.536 857.668 877.893 898.295
891.251 880.321 839.112 887.894 908.834 929.958
922.571 910.269 867.62 919.182 940.863 962.735
954.993 941.232 897.093 951.57 974.018 996.664
988.553 973.244 927.563 985.096 1008.34 1031.79
1023.29 1006.34 959.065 1019.8 1043.87 1068.14
1059.25 1040.56 991.631 1055.73 1080.64 1105.78
1096.48 1075.94 1025.3 1092.91 1118.71 1144.74
1135.01 1112.51 1060.11 1131.41 1158.12 1185.06
1174.9 1150.33 1096.09 1171.25 1198.91 1226.81
1216.19 1189.43 1133.29 1212.5 1241.14 1270.02
1258.93 1229.85 1171.75 1255.2 1284.85 1314.76
1303.17 1271.64 1211.52 1299.4 1330.09 1361.06
1348.96 1314.84 1252.62 1345.15 1376.93 1408.99
1396.37 1359.51 1295.12 1392.51 1425.42 1458.61
1445.44 1405.69 1339.05 1441.53 1475.6 1509.98
1496.24 1453.44 1384.47 1492.28 1527.56 1563.14
1548.82 1502.8 1431.42 1544.81 1581.34 1618.18
1603.25 1553.83 1479.96 1599.19 1637 1675.16
1659.59 1606.6 1530.14 1655.48 1694.63 1734.13
1717.91 1661.14 1582.02 1713.74 1754.28 1795.18
1778.28 1717.54 1635.65 1774.06 1816.03 1858.37
1840.77 1775.84 1691.09 1836.49 1879.95 1923.79
1905.46 1836.12 1748.41 1901.12 1946.11 1991.51
1972.42 1898.44 1807.67 1968.02 2014.6 2061.6
2041.74 1962.87 1868.92 2037.27 2085.5 2134.17
2113.49 2029.47 1932.25 2108.95 2158.89 2209.28
2187.76 2098.34 1997.72 2183.15 2234.86 2287.03
2264.64 2169.53 2065.4 2259.96 2313.5 2367.52
2344.23 2243.13 2135.36 2339.47 2394.91 2450.83
2426.61 2319.23 2207.69 2421.78 2479.17 2537.08
2511.89 2397.89 2282.47 2506.98 2566.4 2626.35
2600.16 2479.22 2359.77 2595.17 2656.69 2718.77
2691.53 2563.31 2439.68 2686.46 2750.16 2814.43
2786.12 2650.23 2522.28 2780.96 2846.91 2913.45
2884.03 2740.1 2607.68 2878.78 2947.07 3015.96
2985.38 2833.01 2695.97 2980.03 3050.74 3122.07
3090.3 2929.06 2787.23 3084.85 3158.06 3231.91
3198.9 3028.36 2881.58 3193.35 3269.15 3345.61
3311.31 3131.01 2979.11 3305.66 3384.14 3463.31
3427.68 3237.14 3079.94 3421.92 3503.18 3585.15
3548.13 3346.86 3184.17 3542.27 3626.4 3711.27
3672.82 3460.29 3291.92 3666.84 3753.95 3841.82
3801.89 3577.56 3403.3 3795.79 3885.98 3976.96
3935.5 3698.79 3518.45 3929.28 4022.65 4116.86
4073.8 3824.12 3637.48 4067.45 4164.13 4261.67
4216.97 3953.69 3760.53 4210.48 4310.58 4411.57
4365.16 4087.64 3887.74 4358.54 4462.18 4566.74
4518.56 4226.12 4019.23 4511.8 4619.11 4727.36
4677.35 4369.28 4155.17 4670.44 4781.55 4893.64
4841.72 4517.28 4295.69 4834.67 4949.7 5065.75
5011.87 4670.28 4440.96 5004.66 5123.76 5243.92
5188 4828.46 4591.12 5180.63 5303.94 5428.35
5370.32 4991.98 4746.36 5362.78 5490.45 5619.26
5559.04 5161.02 4906.83 5551.33 5683.52 5816.89
5754.4 5335.78 5072.71 5746.5 5883.38 6021.46
5956.62 5516.45 5244.19 5948.54 6090.25 6233.22
6165.95 5703.22 5421.46 6157.68 6304.4 6452.43
6382.63 5896.3 5604.7 6374.16 6526.08 6679.34
6606.93 6095.91 5794.13 6598.26 6755.55 6914.23
6839.12 6302.26 5989.94 6830.23 6993.08 7157.38
7079.46 6515.59 6192.36 7070.35 7238.96 7409.07
7328.25 6736.12 6401.6 7318.91 7493.49 7669.61
7585.78 6964.1 6617.9 7576.2 7756.95 7939.31
7852.36 7199.78 6841.49 7842.54 8029.68 8218.5
8128.31 7443.42 7072.63 8118.23 8312 8507.49
8413.95 7695.29 7311.55 8403.62 8604.24 8806.64
8709.64 7955.67 7558.53 8699.03 8906.75 9116.31
9015.71 8224.84 7813.84 9004.83 9219.89 9436.87
9332.54 8503.1 8077.75 9321.37 9544.04 9768.69
9660.51 8790.76 8350.56 9649.03 9879.58 10112.2
10000 9088.14 8632.56 9988.21 10226.9 10467.7
