10 10.6259 10.1529 9.20557 9.43276 9.66192
10.3514 10.9986 10.509 9.54005 9.77533 10.0126
10.7152 11.3844 10.8776 9.88664 10.1303 10.3761
11.0917 11.7837 11.2591 10.2458 10.4981 10.7526
11.4815 12.1969 11.6539 10.6179 10.8792 11.1428
11.885 12.6246 12.0625 11.0035 11.2741 11.5471
12.3027 13.0672 12.4853 11.4031 11.6833 11.966
12.735 13.5253 12.923 11.8171 12.1073 12.4
13.1826 13.9995 13.3759 12.246 12.5466 12.8497
13.6458 14.4901 13.8447 12.6905 13.0018 13.3157
14.1254 14.998 14.3298 13.1511 13.4734 13.7985
14.6218 15.5235 14.8318 13.6282 13.962 14.2987
15.1356 16.0674 15.3514 14.1226 14.4683 14.817
15.6675 16.6303 15.8891 14.6349 14.9929 15.354
16.2181 17.2128 16.4456 15.1656 15.5364 15.9103
16.788 17.8157 17.0214 15.7155 16.0994 16.4867
17.378 18.4396 17.6174 16.2852 16.6828 17.0839
17.9887 19.0852 18.234 16.8755 17.2873 17.7026
18.6209 19.7533 18.8722 17.4871 17.9135 18.3436
19.2752 20.4447 19.5326 18.1207 18.5623 19.0077
19.9526 21.1602 20.216 18.7771 19.2344 19.6957
20.6538 21.9006 20.9232 19.4571 19.9307 20.4085
21.3796 22.6667 21.6549 20.1616 20.6521 21.1469
22.1309 23.4596 22.4122 20.8915 21.3995 21.9119
22.9087 24.28 23.1957 21.6477 22.1737 22.7044
23.7137 25.1289 24.0065 22.431 22.9758 23.5254
24.5471 26.0074 24.8454 23.2425 23.8067 24.3758
25.4097 26.9164 25.7135 24.0831 24.6674 25.2569
26.3027 27.8569 26.6117 24.9539 25.5591 26.1695
27.227 28.8302 27.541 25.856 26.4827 27.115
28.1838 29.8372 28.5026 26.7905 27.4395 28.0943
29.1743 30.8791 29.4976 27.7585 28.4307 29.1088
30.1995 31.9572 30.527 28.7612 29.4574 30.1597
31.2608 33.0727 31.5921 29.7999 30.5209 31.2482
32.3594 34.2269 32.694 30.8758 31.6224 32.3758
33.4965 35.421 33.8341 31.9902 32.7635 33.5437
34.6737 36.6565 35.0137 33.1445 33.9454 34.7535
35.8922 37.9348 36.234 34.3401 35.1696 36.0065
37.1535 39.2573 37.4965 35.5785 36.4376 37.3044
38.4592 40.6256 38.8027 36.8612 37.751 38.6487
39.8107 42.0412 40.154 38.1898 39.1113 40.0411
41.2098 43.5057 41.5519 39.5658 40.5202 41.4832
42.658 45.0209 42.998 40.991 41.9794 42.9769
44.157 46.5883 44.4941 42.467 43.4908 44.5238
45.7088 48.2099 46.0417 43.9957 45.0561 46.1261
47.3151 49.8875 47.6427 45.579 46.6772 47.7855
48.9779 51.6229 49.2988 47.2187 48.3562 49.5041
50.6991 53.4182 51.0119 48.9169 50.095 51.284
52.4807 55.2753 52.784 50.6756 51.8958 53.1273
54.325 57.1965 54.6171 52.4969 53.7608 55.0364
56.2341 59.1838 56.5132 54.3831 55.6922 57.0134
58.2103 61.2395 58.4745 56.3364 57.6923 59.0609
60.256 63.366 60.5031 58.3592 59.7636 61.1812
62.3735 65.5657 62.6015 60.4539 61.9086 63.377
64.5654 67.8409 64.7718 62.6231 64.1299 65.6509
66.8344 70.1944 67.0167 64.8694 66.4302 68.0057
69.1831 72.6288 69.3385 67.1955 68.8122 70.4442
71.6143 75.1468 71.7399 69.6042 71.2788 72.9694
74.131 77.7513 74.2236 72.0984 73.833 75.5843
76.7361 80.4451 76.7924 74.6811 76.4779 78.2921
79.4328 83.2313 79.4492 77.3555 79.2167 81.0961
82.2243 86.1132 82.1968 80.1247 82.0527 83.9996
85.1138 89.0938 85.0385 82.9921 84.9892 87.0061
88.1049 92.1765 87.9774 85.9611 88.0299 90.1194
91.2011 95.3649 91.0167 89.0353 91.1784 93.343
94.4061 98.6624 94.1599 92.2184 94.4385 96.681
97.7237 102.073 97.4105 95.5142 97.814 100.137
101.158 105.6 100.772 98.9266 101.309 103.716
104.713 109.248 104.248 102.46 104.928 107.422
108.393 113.02 107.843 106.118 108.675 111.259
112.202 116.922 111.561 109.906 112.555 115.232
116.145 120.957 115.405 113.827 116.572 119.345
120.226 125.129 119.38 117.888 120.731 123.604
124.451 129.445 123.491 122.091 125.037 128.014
128.825 133.907 127.741 126.444 129.495 132.58
133.352 138.522 132.137 130.95 134.111 137.308
138.038 143.294 136.682 135.615 138.89 142.203
142.889 148.229 141.382 140.445 143.838 147.271
147.911 153.332 146.241 145.445 148.961 152.518
153.109 158.61 151.266 150.622 154.265 157.951
158.489 164.067 156.461 155.982 159.757 163.576
164.059 169.71 161.833 161.531 165.442 169.4
169.824 175.545 167.388 167.275 171.328 175.429
175.792 181.579 173.131 173.222 177.421 181.672
181.97 187.818 179.069 179.379 183.73 188.135
188.365 194.269 185.209 185.753 190.261 194.827
194.984 200.94 191.557 192.352 197.023 201.755
201.837 207.838 198.121 199.183 204.024 208.928
208.93 214.97 204.907 206.256 211.271 216.355
216.272 222.345 211.923 213.577 218.774 224.043
223.872 229.97 219.177 221.156 226.542 232.003
231.739 237.854 226.677 229.003 234.584 240.245
239.883 246.007 234.431 237.125 242.909 248.777
248.313 254.435 242.448 245.534 251.528 257.611
257.04 263.151 250.736 254.239 260.451 266.757
266.073 272.161 259.305 263.251 269.688 276.225
275.423 281.478 268.164 272.58 279.251 286.028
285.102 291.11 277.323 282.237 289.151 296.177
295.121 301.07 286.791 292.235 299.4 306.684
305.492 311.367 296.581 302.584 310.01 317.563
316.228 322.013 306.701 313.297 320.994 328.825
327.341 333.019 317.163 324.388 332.365 340.485
338.844 344.399 327.98 335.869 344.137 352.557
350.752 356.164 339.162 347.754 356.324 365.055
363.078 368.328 350.722 360.057 368.94 377.994
375.837 380.904 362.673 372.793 382 391.389
389.045 393.905 375.028 385.978 395.521 405.258
402.717 407.347 387.8 399.626 409.518 419.617
416.869 421.244 401.004 413.754 424.008 434.482
431.519 435.61 414.654 428.379 439.008 449.873
446.684 450.463 428.766 443.519 454.537 465.807
462.381 465.819 443.353 459.191 470.613 482.303
478.63 481.694 458.434 475.414 487.255 499.382
495.45 498.105 474.024 492.208 504.483 517.064
512.861 515.072 490.14 509.593 522.318 535.371
530.884 532.612 506.8 527.589 540.782 554.324
549.541 550.746 524.023 546.218 559.896 573.947
568.853 569.492 541.827 565.502 579.683 594.262
588.844 588.872 560.232 585.464 600.167 615.296
609.537 608.907 579.258 606.128 621.372 637.072
630.957 629.619 598.927 627.519 643.324 659.618
653.131 651.031 619.259 649.661 666.05 682.96
676.083 673.166 640.278 672.582 689.576 707.127
699.842 696.049 662.006 696.31 713.931 732.148
724.436 719.705 684.467 720.871 739.144 758.053
749.894 744.16 707.685 746.296 765.244 784.873
776.247 769.442 731.688 772.614 792.265 812.641
803.526 795.577 756.5 799.858 820.237 841.39
831.764 822.594 782.149 828.06 849.194 871.155
860.994 850.524 808.663 857.253 879.172 901.971
891.251 879.397 836.072 887.472 910.206 933.876
922.571 909.245 864.406 918.754 942.333 966.907
954.993 940.101 893.695 951.135 975.592 1001.11
988.553 971.999 923.972 984.654 1010.02 1036.51
1023.29 1004.97 955.271 1019.35 1045.67 1073.17
1059.25 1039.06 987.625 1055.27 1082.57 1111.11
1096.48 1074.3 1021.07 1092.45 1120.77 1150.4
1135.01 1110.73 1055.64 1130.94 1160.31 1191.07
1174.9 1148.39 1091.38 1170.78 1201.25 1233.17
1216.19 1187.32 1128.33 1212.02 1243.64 1276.75
1258.93 1227.56 1166.52 1254.7 1287.51 1321.86
1303.17 1269.16 1206 1298.89 1332.94 1368.55
1348.96 1312.17 1246.81 1344.64 1379.96 1416.87
1396.37 1356.63 1289 1391.99 1428.64 1466.88
1445.44 1402.59 1332.61 1441 1479.04 1518.62
1496.24 1450.1 1377.69 1491.74 1531.21 1572.16
1548.82 1499.21 1424.29 1544.26 1585.22 1627.52
1603.25 1549.99 1472.46 1598.63 1641.14 1684.72
1659.59 1602.47 1522.25 1654.9 1699.03 1743.88
1717.91 1656.73 1573.73 1713.16 1758.95 1805.13
1778.28 1712.82 1626.94 1773.46 1820.99 1868.53
1840.77 1770.81 1681.95 1835.89 1885.22 1934.16
1905.46 1830.75 1738.81 1900.5 1951.71 2002.1
1972.42 1892.71 1797.58 1967.39 2020.54 2072.42
2041.74 1956.77 1858.34 2036.63 2091.79 2145.22
2113.49 2022.98 1921.15 2108.3 2165.56 2220.58
2187.76 2091.44 1986.07 2182.49 2241.92 2298.59
2264.64 2162.2 2053.18 2259.28 2320.97 2379.34
2344.23 2235.35 2122.56 2338.78 2402.8 2462.94
2426.61 2310.97 2194.27 2421.07 2487.5 2549.47
2511.89 2389.15 2268.41 2506.25 2575.18 2639.04
2600.16 2469.96 2345.04 2594.43 2665.93 2731.77
2691.53 2553.5 2424.25 2685.7 2759.86 2827.75
2786.12 2639.86 2506.13 2780.18 2857.08 2927.11
2884.03 2729.13 2590.78 2877.98 2957.69 3029.96
2985.38 2821.42 2678.27 2979.22 3061.8 3136.43
3090.3 2916.82 2768.72 3084.02 3169.51 3246.64
3198.9 3015.44 2862.21 3192.5 3280.88 3360.73
3311.31 3117.39 2958.86 3304.79 3396.14 3478.83
3427.68 3222.78 3058.76 3421.03 3515.45 3601.08
3548.13 3331.73 3162.03 3541.35 3638.95 3727.63
3672.82 3444.35 3268.77 3665.9 3766.8 3858.63
3801.89 3560.77 3379.12 3794.83 3899.14 3994.24
3935.5 3681.13 3493.18 3928.29 4036.13 4134.61
4073.8 3805.54 3611.09 4066.44 4177.94 4279.92
4216.97 3934.15 3732.96 4209.45 4324.73 4430.34
4365.16 4067.1 3858.95 4357.48 4476.68 4586.04
4518.56 4204.54 3989.17 4510.71 4633.98 4747.22
4677.35 4346.61 4123.79 4669.33 4796.8 4914.07
4841.72 4493.48 4262.94 4833.52 4965.35 5086.78
5011.87 4645.3 4406.77 5003.48 5139.82 5265.57
5188 4802.24 4555.45 5179.41 5320.43 5450.64
5370.32 4964.48 4709.14 5361.53 5507.38 5642.22
5559.04 5132.19 4868 5550.05 5700.91 5840.53
5754.4 5305.56 5032.22 5745.19 5901.24 6045.81
5956.62 5484.77 5201.96 5947.18 6108.61 6258.31
6165.95 5670.03 5377.42 6156.28 6323.27 6478.29
6382.63 5861.54 5558.79 6372.73 6545.48 6705.99
6606.93 6059.5 5746.26 6596.78 6775.5 6941.7
6839.12 6264.15 5940.05 6828.7 7013.6 7185.7
7079.46 6475.69 6140.36 7068.78 7260.08 7438.28
7328.25 6694.37 6347.42 7317.29 7515.21 7699.73
7585.78 6920.42 6561.44 7574.54 7779.32 7970.38
7852.36 7154.09 6782.67 7840.82 8052.71 8250.54
8128.31 7395.64 7011.34 8116.46 8335.71 8540.56
8413.95 7645.34 7247.72 8401.79 8628.65 8840.76
8709.64 7903.45 7492.04 8697.15 8931.9 9151.52
9015.71 8170.27 7744.59 9002.88 9245.8 9473.21
9332.54 8446.08 8005.64 9319.36 9570.74 9806.21
9660.51 8731.19 8275.47 9646.96 9907.1 10150.9
10000 9025.9 8554.39 9986.07 10255.3 10507.7
