10 10.6122 10.1519 9.18503 9.4226 9.65853
10.3514 10.9845 10.508 9.51939 9.76523 10.0094
10.7152 11.3698 10.8766 9.86587 10.1203 10.3729
11.0917 11.7686 11.258 10.2249 10.4882 10.7496
11.4815 12.1813 11.6527 10.597 10.8694 11.1399
11.885 12.6085 12.0613 10.9825 11.2644 11.5443
12.3027 13.0506 12.4841 11.3819 11.6737 11.9634
12.735 13.5081 12.9218 11.7959 12.0978 12.3976
13.1826 13.9816 13.3747 12.2248 12.5372 12.8474
13.6458 14.4717 13.8434 12.6692 12.9925 13.3135
14.1254 14.9789 14.3285 13.1297 13.4642 13.7965
14.6218 15.5038 14.8305 13.6068 13.953 14.2969
15.1356 16.0471 15.35 14.1012 14.4595 14.8153
15.6675 16.6093 15.8877 14.6134 14.9842 15.3524
16.2181 17.1911 16.4441 15.1442 15.5279 15.9089
16.788 17.7932 17.0199 15.6941 16.0911 16.4855
17.378 18.4163 17.6158 16.2638 16.6747 17.0828
17.9887 19.0612 18.2325 16.8541 17.2793 17.7016
18.6209 19.7285 18.8706 17.4657 17.9058 18.3428
19.2752 20.4191 19.531 18.0994 18.5548 19.007
19.9526 21.1337 20.2143 18.7559 19.2271 19.6951
20.6538 21.8732 20.9214 19.436 19.9237 20.408
21.3796 22.6385 21.6532 20.1406 20.6453 21.1466
22.1309 23.4304 22.4103 20.8706 21.3929 21.9117
22.9087 24.2499 23.1938 21.6268 22.1674 22.7042
23.7137 25.0979 24.0046 22.4103 22.9697 23.5253
24.5471 25.9753 24.8435 23.2219 23.8009 24.3759
25.4097 26.8833 25.7115 24.0627 24.6619 25.2569
26.3027 27.8227 26.6097 24.9338 25.5538 26.1697
27.227 28.7949 27.539 25.8361 26.4778 27.1151
28.1838 29.8008 28.5006 26.7707 27.4349 28.0945
29.1743 30.8416 29.4955 27.739 28.4263 29.109
30.1995 31.9185 30.5249 28.7419 29.4533 30.1598
31.2608 33.0327 31.5899 29.7808 30.5171 31.2483
32.3594 34.1856 32.6918 30.857 31.619 32.3757
33.4965 35.3785 33.8319 31.9717 32.7603 33.5435
34.6737 36.6126 35.0115 33.1263 33.9425 34.7531
35.8922 37.8896 36.2318 34.3223 35.167 36.006
37.1535 39.2107 37.4943 35.561 36.4353 37.3037
38.4592 40.5775 38.8005 36.8441 37.749 38.6477
39.8107 41.9916 40.1517 38.173 39.1096 40.0398
41.2098 43.4547 41.5496 39.5494 40.5188 41.4816
42.658 44.9682 42.9958 40.975 41.9783 42.9748
44.157 46.5341 44.4919 42.4515 43.49 44.5214
45.7088 48.1541 46.0395 43.9806 45.0555 46.1231
47.3151 49.83 47.6405 45.5643 46.6769 47.7819
48.9779 51.5637 49.2967 47.2045 48.3562 49.4999
50.6991 53.3572 51.0099 48.9032 50.0952 51.2791
52.4807 55.2126 52.7821 50.6624 51.8963 53.1217
54.325 57.132 54.6152 52.4843 53.7614 55.0299
56.2341 59.1174 56.5114 54.371 55.693 57.006
58.2103 61.1713 58.4728 56.3248 57.6933 59.0524
60.256 63.2958 60.5015 58.3482 59.7647 61.1716
62.3735 65.4935 62.6 60.4436 61.9099 63.3662
64.5654 67.7668 64.7705 62.6134 64.1312 65.6388
66.8344 70.1182 67.0155 64.8603 66.4316 67.9922
69.1831 72.5505 69.3375 67.187 68.8136 70.4291
71.6143 75.0664 71.7391 69.5964 71.2802 72.9526
74.131 77.6687 74.223 72.0913 73.8344 75.5657
76.7361 80.3604 76.792 74.6747 76.4792 78.2715
79.4328 83.1444 79.4491 77.3498 79.2179 81.0734
82.2243 86.024 82.197 80.1197 82.0537 83.9746
85.1138 89.0023 85.039 82.9879 84.99 86.9787
88.1049 92.0828 87.9782 85.9576 88.0304 90.0893
91.2011 95.2688 91.0179 89.0326 91.1786 93.3101
94.4061 98.564 94.1615 92.2165 94.4382 96.645
97.7237 101.972 97.4125 95.5131 97.8133 100.098
101.158 105.497 100.774 98.9265 101.308 103.673
104.713 109.142 104.251 102.461 104.926 107.375
108.393 112.912 107.847 106.12 108.673 111.208
112.202 116.811 111.565 109.908 112.551 115.177
116.145 120.844 115.41 113.831 116.567 119.286
120.226 125.014 119.385 117.892 120.725 123.54
124.451 129.327 123.497 122.097 125.031 127.945
128.825 133.787 127.748 126.45 129.488 132.506
133.352 138.399 132.144 130.957 134.102 137.227
138.038 143.169 136.69 135.623 138.88 142.116
142.889 148.102 141.391 140.454 143.827 147.177
147.911 153.203 146.251 145.455 148.948 152.418
153.109 158.478 151.277 150.633 154.25 157.843
158.489 163.933 156.473 155.994 159.739 163.46
164.059 169.574 161.847 161.544 165.422 169.275
169.824 175.407 167.402 167.29 171.306 175.296
175.792 181.439 173.147 173.238 177.397 181.529
181.97 187.676 179.086 179.396 183.703 187.982
188.365 194.126 185.227 185.771 190.231 194.663
194.984 200.795 191.577 192.371 196.99 201.58
201.837 207.692 198.142 199.204 203.987 208.74
208.93 214.823 204.929 206.277 211.231 216.154
216.272 222.196 211.947 213.599 218.73 223.829
223.872 229.821 219.202 221.18 226.493 231.774
231.739 237.704 226.704 229.028 234.531 240
239.883 245.856 234.459 237.152 242.851 248.516
248.313 254.285 242.477 245.562 251.465 257.333
257.04 263 250.767 254.268 260.382 266.46
266.073 272.011 259.337 263.281 269.613 275.909
275.423 281.328 268.198 272.611 279.17 285.691
285.102 290.962 277.358 282.27 289.063 295.818
295.121 300.923 286.828 292.269 299.305 306.302
305.492 311.221 296.618 302.619 309.907 317.155
316.228 321.87 306.74 313.334 320.883 328.391
327.341 332.879 317.204 324.426 332.246 340.023
338.844 344.262 328.021 335.909 344.008 352.065
350.752 356.031 339.204 347.795 356.185 364.532
363.078 368.199 350.765 360.1 368.791 377.437
375.837 380.779 362.716 372.838 381.84 390.798
389.045 393.786 375.071 386.024 395.349 404.629
402.717 407.234 387.843 399.673 409.333 418.948
416.869 421.137 401.046 413.803 423.81 433.771
431.519 435.511 414.695 428.43 438.796 449.117
446.684 450.372 428.805 443.571 454.31 465.003
462.381 465.736 443.391 459.245 470.37 481.449
478.63 481.62 458.468 475.47 486.995 498.475
495.45 498.042 474.055 492.266 504.205 516.1
512.861 515.02 490.167 509.652 522.021 534.347
530.884 532.572 506.822 527.65 540.464 553.236
549.541 550.718 524.04 546.281 559.556 572.791
568.853 569.477 541.837 565.567 579.32 593.035
588.844 588.871 560.234 585.531 599.78 613.993
609.537 608.921 579.252 606.197 620.959 635.689
630.957 629.649 598.91 627.589 642.884 658.149
653.131 651.077 619.231 649.734 665.581 681.402
676.083 673.23 640.236 672.657 689.076 705.474
699.842 696.131 661.949 696.387 713.398 730.394
724.436 719.806 684.393 720.95 738.575 756.192
749.894 744.281 707.594 746.377 764.639 782.901
776.247 769.583 731.575 772.698 791.62 810.55
803.526 795.739 756.364 799.944 819.55 839.175
831.764 822.779 781.987 828.148 848.463 868.809
860.994 850.731 808.473 857.344 878.394 899.488
891.251 879.627 835.851 887.566 909.377 931.25
922.571 909.499 864.15 918.85 941.451 964.132
954.993 940.38 893.401 951.233 974.654 998.175
988.553 972.302 923.637 984.756 1009.03 1033.42
1023.29 1005.3 954.89 1019.46 1044.61 1069.91
1059.25 1039.42 987.194 1055.38 1081.44 1107.69
1096.48 1074.68 1020.59 1092.56 1119.57 1146.8
1135.01 1111.13 1055.1 1131.05 1159.04 1187.29
1174.9 1148.82 1090.78 1170.89 1199.9 1229.22
1216.19 1187.77 1127.65 1212.13 1242.19 1272.63
1258.93 1228.04 1165.77 1254.83 1285.98 1317.59
1303.17 1269.67 1205.16 1299.02 1331.31 1364.14
1348.96 1312.7 1245.89 1344.77 1378.23 1412.34
1396.37 1357.18 1287.98 1392.12 1426.8 1462.26
1445.44 1403.16 1331.48 1441.14 1477.09 1513.98
1496.24 1450.7 1376.45 1491.88 1529.14 1567.56
1548.82 1499.83 1422.93 1544.4 1583.03 1623.12
1603.25 1550.62 1470.98 1598.77 1638.81 1680.83
1659.59 1603.12 1520.63 1655.06 1696.56 1741.32
1717.91 1657.4 1571.96 1713.31 1756.34 1802.46
1778.28 1713.5 1625.01 1773.62 1818.22 1865.76
1840.77 1771.49 1679.85 1836.05 1882.29 1931.29
1905.46 1831.44 1736.52 1900.67 1948.61 1999.12
1972.42 1893.41 1795.1 1967.56 2017.27 2069.33
2041.74 1957.46 1855.65 2036.8 2088.35 2142.01
2113.49 2023.68 1918.23 2108.48 2161.93 2217.25
2187.76 2092.12 1982.92 2182.67 2238.1 2295.14
2264.64 2162.87 2049.78 2259.48 2316.97 2375.76
2344.23 2236.01 2118.88 2338.98 2398.61 2459.22
2426.61 2311.6 2190.3 2421.27 2483.13 2545.61
2511.89 2389.75 2264.12 2506.46 2570.64 2635.04
2600.16 2470.52 2340.42 2594.64 2661.25 2727.61
2691.53 2554.02 2419.28 2685.92 2755.06 2823.44
2786.12 2640.33 2500.79 2780.41 2852.19 2922.64
2884.03 2729.54 2585.04 2878.22 2952.78 3025.33
2985.38 2821.76 2672.11 2979.46 3056.96 3131.63
3090.3 2917.09 2762.1 3084.27 3164.9 3241.67
3198.9 3015.62 2855.12 3192.76 3276.9 3355.57
3311.31 3117.47 2951.25 3305.06 3393.45 3473.48
3427.68 3222.75 3050.61 3421.3 3512.66 3595.54
3548.13 3331.57 3153.31 3541.63 3636.05 3721.88
3672.82 3444.06 3259.45 3666.19 3763.79 3852.67
3801.89 3560.33 3369.15 3795.13 3896.01 3988.06
3935.5 3680.51 3482.53 3928.6 4032.89 4128.21
4073.8 3804.74 3599.71 4066.76 4174.57 4273.28
4216.97 3933.15 3720.82 4209.77 4321.24 4423.46
4365.16 4065.88 3845.99 4357.81 4473.06 4578.91
4518.56 4203.08 3975.36 4511.06 4630.22 4739.83
4677.35 4344.89 4109.06 4669.68 4792.9 4906.41
4841.72 4491.47 4247.25 4833.89 4961.31 5078.84
5011.87 4642.98 4390.07 5003.86 5135.63 5257.34
5188 4799.59 4537.67 5179.81 5316.08 5442.11
5370.32 4961.46 4690.22 5361.93 5502.87 5633.38
5559.04 5128.78 4847.88 5550.46 5696.23 5831.37
5754.4 5301.72 5010.83 5745.62 5896.39 6036.33
5956.62 5480.48 5179.23 5947.63 6103.58 6248.49
6165.95 5665.25 5353.27 6156.74 6318.06 6468.1
6382.63 5856.23 5533.14 6373.2 6540.07 6695.44
6606.93 6053.62 5719.04 6597.27 6769.89 6930.77
6839.12 6257.66 5911.16 6829.21 7007.79 7174.38
7079.46 6468.55 6109.71 7069.31 7254.05 7426.55
7328.25 6686.52 6314.91 7317.84 7508.97 7687.58
7585.78 6911.82 6526.98 7575.1 7772.84 7957.79
7852.36 7144.69 6746.15 7841.4 8045.99 8237.5
8128.31 7385.38 6972.65 8117.07 8328.75 8527.05
8413.95 7634.16 7206.73 8402.42 8621.44 8826.77
8709.64 7891.29 7448.64 8697.79 8924.42 9137.03
9015.71 8157.06 7698.65 9003.55 9238.05 9458.19
9332.54 8431.75 7957.01 9320.05 9562.71 9790.65
9660.51 8715.67 8224.02 9647.68 9898.78 10134.8
10000 9009.12 8499.96 9986.81 10246.7 10491
