10 10.665 10.2167 9.25094 9.49145 9.72815
10.3514 11.0379 10.5739 9.5867 9.83544 10.0803
10.7152 11.4239 10.9435 9.93458 10.1919 10.4451
11.0917 11.8233 11.326 10.295 10.5611 10.8231
11.4815 12.2366 11.7219 10.6685 10.9437 11.2146
11.885 12.6644 12.1315 11.0555 11.3401 11.6203
12.3027 13.107 12.5555 11.4564 11.7508 12.0407
12.735 13.5651 12.9942 11.8718 12.1763 12.4761
13.1826 14.0392 13.4482 12.3022 12.6172 12.9272
13.6458 14.5298 13.918 12.7481 13.0739 13.3946
14.1254 15.0375 14.4042 13.2102 13.5471 13.8788
14.6218 15.5629 14.9073 13.6888 14.0373 14.3804
15.1356 16.1065 15.4279 14.1847 14.5452 14.9001
15.6675 16.6692 15.9667 14.6985 15.0714 15.4384
16.2181 17.2514 16.5242 15.2308 15.6165 15.9962
16.788 17.8538 17.1011 15.7823 16.1812 16.5739
17.378 18.4773 17.6981 16.3536 16.7662 17.1724
17.9887 19.1224 18.3158 16.9455 17.3722 17.7924
18.6209 19.79 18.955 17.5587 18.0001 18.4347
19.2752 20.4808 19.6164 18.1939 18.6505 19.1001
19.9526 21.1957 20.3008 18.852 19.3242 19.7893
20.6538 21.9354 21.0089 19.5337 20.0222 20.5033
21.3796 22.7008 21.7417 20.2399 20.7452 21.2428
22.1309 23.4928 22.4999 20.9715 21.4942 22.0089
22.9087 24.3123 23.2844 21.7293 22.27 22.8025
23.7137 25.1603 24.0961 22.5144 23.0736 23.6244
24.5471 26.0377 24.936 23.3276 23.9061 24.4759
25.4097 26.9456 25.805 24.1699 24.7683 25.3578
26.3027 27.885 26.7041 25.0425 25.6615 26.2713
27.227 28.8571 27.6344 25.9463 26.5867 27.2175
28.1838 29.8628 28.5969 26.8825 27.5449 28.1976
29.1743 30.9035 29.5927 27.8522 28.5375 29.2127
30.1995 31.9802 30.623 28.8565 29.5656 30.2641
31.2608 33.0942 31.6889 29.8968 30.6304 31.3531
32.3594 34.2469 32.7917 30.9743 31.7332 32.481
33.4965 35.4396 33.9327 32.0903 32.8755 33.6493
34.6737 36.6735 35.113 33.2462 34.0586 34.8592
35.8922 37.9502 36.3342 34.4433 35.2839 36.1123
37.1535 39.2712 37.5975 35.6831 36.5529 37.4102
38.4592 40.6379 38.9045 36.9672 37.8672 38.7544
39.8107 42.0518 40.2565 38.297 39.2283 40.1465
41.2098 43.5148 41.6552 39.6742 40.638 41.5882
42.658 45.0284 43.1021 41.1004 42.0979 43.0814
44.157 46.5891 44.5988 42.5774 43.6098 44.6278
45.7088 48.2033 46.1473 44.1069 45.1755 46.2295
47.3151 49.8749 47.7498 45.6908 46.8009 47.8883
48.9779 51.6046 49.4071 47.3418 48.4835 49.6057
50.6991 53.3943 51.1215 49.0466 50.2249 51.3842
52.4807 55.2458 52.8948 50.8107 52.0279 53.2258
54.325 57.1612 54.7292 52.6371 53.8947 55.1327
56.2341 59.1426 56.6267 54.5281 55.8278 57.1074
58.2103 61.1923 58.5894 56.486 57.8294 59.1521
60.256 63.3126 60.6195 58.5134 59.902 61.2694
62.3735 65.5059 62.7195 60.6127 62.0481 63.4618
64.5654 67.7746 64.8916 62.7865 64.2704 65.7319
66.8344 70.1214 67.1382 65.0373 66.5714 68.0825
69.1831 72.5488 69.462 67.368 68.954 70.5163
71.6143 75.0596 71.8656 69.7812 71.4211 73.0364
74.131 77.6566 74.3516 72.2801 73.9755 75.6457
76.7361 80.3429 76.9229 74.8675 76.6204 78.3474
79.4328 83.1213 79.5823 77.5465 79.359 81.1448
82.2243 85.995 82.3329 80.3205 82.1946 84.0411
85.1138 88.9674 85.1777 83.1926 85.1305 87.0398
88.1049 92.0416 88.12 86.1665 88.1703 90.1447
91.2011 95.2213 91.163 89.2456 91.3176 93.3592
94.4061 98.5099 94.3103 92.4337 94.5762 96.6874
97.7237 101.911 97.5652 95.7345 97.95 100.133
101.158 105.429 100.931 99.1521 101.443 103.701
104.713 109.067 104.413 102.69 105.06 107.394
108.393 112.83 108.013 106.354 108.804 111.218
112.202 116.722 111.737 110.147 112.68 115.177
116.145 120.747 115.588 114.074 116.694 119.276
120.226 124.909 119.57 118.14 120.849 123.519
124.451 129.214 123.689 122.349 125.151 127.912
128.825 133.666 127.948 126.707 129.604 132.46
133.352 138.27 132.353 131.218 134.215 137.168
138.038 143.032 136.907 135.889 138.988 142.043
142.889 147.956 141.618 140.725 143.93 147.089
147.911 153.049 146.489 145.731 149.046 152.313
153.109 158.316 151.526 150.914 154.342 157.721
158.489 163.762 156.735 156.28 159.825 163.319
164.059 169.394 162.122 161.835 165.501 169.115
169.824 175.219 167.693 167.586 171.377 175.115
175.792 181.243 173.453 173.539 177.461 181.327
181.97 187.472 179.41 179.703 183.758 187.756
188.365 193.913 185.569 186.083 190.277 194.413
194.984 200.575 191.939 192.688 197.026 201.303
201.837 207.464 198.525 199.526 204.013 208.437
208.93 214.587 205.336 206.605 211.246 215.821
216.272 221.954 212.379 213.933 218.733 223.465
223.872 229.572 219.662 221.519 226.483 231.378
231.739 237.449 227.192 229.373 234.507 239.569
239.883 245.595 234.979 237.503 242.813 248.049
248.313 254.019 243.031 245.919 251.411 256.827
257.04 262.73 251.357 254.631 260.312 265.913
266.073 271.738 259.966 263.65 269.525 275.319
275.423 281.052 268.869 272.986 279.063 285.056
285.102 290.685 278.074 282.651 288.937 295.136
295.121 300.645 287.592 292.656 299.158 305.569
305.492 310.944 297.434 303.013 309.738 316.37
316.228 321.595 307.611 313.735 320.69 327.55
327.341 332.608 318.134 324.833 332.028 339.123
338.844 343.996 329.014 336.322 343.764 351.103
350.752 355.772 340.265 348.215 355.912 363.504
363.078 367.948 351.898 360.527 368.488 376.341
375.837 380.54 363.927 373.271 381.507 389.629
389.045 393.56 376.364 386.464 394.982 403.384
402.717 407.024 389.224 400.121 408.932 417.622
416.869 420.945 402.521 414.258 423.372 432.361
431.519 435.341 416.271 428.892 438.319 447.618
446.684 450.226 430.487 444.04 453.792 463.41
462.381 465.619 445.186 459.722 469.809 479.758
478.63 481.535 460.385 475.954 486.388 496.68
495.45 497.992 476.101 492.758 503.55 514.196
512.861 515.01 492.35 510.152 521.316 532.328
530.884 532.607 509.151 528.158 539.706 551.097
549.541 550.802 526.523 546.796 558.742 570.525
568.853 569.617 544.485 566.09 578.447 590.636
588.844 589.071 563.057 586.063 598.845 611.454
609.537 609.188 582.26 606.737 619.959 633.002
630.957 629.988 602.115 628.138 641.815 655.308
653.131 651.497 622.645 650.292 664.44 678.397
676.083 673.737 643.871 673.224 687.859 702.297
699.842 696.733 665.819 696.962 712.101 727.036
724.436 720.512 688.511 721.535 737.195 752.645
749.894 745.099 711.975 746.971 763.171 779.153
776.247 770.523 736.234 773.301 790.059 806.592
803.526 796.811 761.318 800.557 817.892 834.995
831.764 823.993 787.253 828.771 846.704 864.395
860.994 852.1 814.069 857.977 876.527 894.828
891.251 881.163 841.795 888.209 907.398 926.33
922.571 911.213 870.462 919.503 939.354 958.939
954.993 942.286 900.102 951.898 972.432 992.692
988.553 974.415 930.748 985.431 1006.67 1027.63
1023.29 1007.64 962.435 1020.14 1042.12 1063.8
1059.25 1041.99 995.197 1056.07 1078.81 1101.23
1096.48 1077.51 1029.07 1093.27 1116.78 1139.99
1135.01 1114.23 1064.1 1131.77 1156.1 1180.1
1174.9 1152.21 1100.31 1171.62 1196.79 1221.62
1216.19 1191.47 1137.75 1212.88 1238.91 1264.6
1258.93 1232.08 1176.46 1255.58 1282.51 1309.09
1303.17 1274.06 1216.49 1299.79 1327.65 1355.14
1348.96 1317.46 1257.87 1345.55 1374.37 1402.81
1396.37 1362.35 1300.66 1392.92 1422.73 1452.15
1445.44 1408.76 1344.9 1441.95 1472.79 1503.22
1496.24 1456.75 1390.64 1492.71 1524.61 1556.09
1548.82 1506.36 1437.93 1545.25 1578.25 1610.82
1603.25 1557.67 1486.83 1599.63 1633.78 1667.47
1659.59 1610.72 1537.39 1655.93 1691.25 1726.11
1717.91 1665.57 1589.66 1714.2 1750.74 1786.8
1778.28 1722.28 1643.71 1774.53 1812.33 1849.63
1840.77 1780.93 1699.59 1836.97 1876.08 1914.67
1905.46 1841.56 1757.36 1901.61 1942.06 1981.98
1972.42 1904.26 1817.1 1968.52 2010.37 2051.67
2041.74 1969.09 1878.86 2037.78 2081.07 2123.8
2113.49 2036.12 1942.72 2109.47 2154.26 2198.46
2187.76 2105.43 2008.74 2183.69 2230.02 2275.75
2264.64 2177.09 2077 2260.51 2308.44 2355.75
2344.23 2251.19 2147.58 2340.03 2389.62 2438.55
2426.61 2327.81 2220.55 2422.35 2473.65 2524.27
2511.89 2407.03 2296 2507.56 2560.63 2613
2600.16 2488.94 2374.01 2595.76 2650.66 2704.84
2691.53 2573.63 2454.66 2687.07 2743.86 2799.91
2786.12 2661.2 2538.04 2781.58 2840.33 2898.32
2884.03 2751.75 2624.26 2879.41 2940.2 3000.18
2985.38 2845.38 2713.4 2980.69 3043.57 3105.63
3090.3 2942.18 2805.56 3085.52 3150.57 3214.77
3198.9 3042.28 2900.85 3194.03 3261.33 3327.75
3311.31 3145.77 2999.37 3306.36 3375.98 3444.69
3427.68 3252.78 3101.22 3422.64 3494.66 3565.74
3548.13 3363.43 3206.54 3543 3617.51 3691.05
3672.82 3477.83 3315.42 3667.59 3744.67 3820.75
3801.89 3596.12 3428 3796.56 3876.3 3955.01
3935.5 3718.43 3544.39 3930.06 4012.56 4093.98
4073.8 3844.89 3664.73 4068.26 4153.6 4237.84
4216.97 3975.65 3789.15 4211.31 4299.6 4386.75
4365.16 4110.85 3917.79 4359.39 4450.73 4540.88
4518.56 4250.65 4050.79 4512.67 4607.16 4700.43
4677.35 4395.19 4188.3 4671.34 4769.09 4865.58
4841.72 4544.64 4330.47 4835.58 4936.71 5036.54
5011.87 4699.16 4477.46 5005.6 5110.22 5213.49
5188 4858.94 4629.43 5181.59 5289.83 5396.67
5370.32 5024.14 4786.55 5363.76 5475.74 5586.27
5559.04 5194.95 4949.01 5552.34 5668.19 5782.53
5754.4 5371.56 5116.96 5747.55 5867.39 5985.69
5956.62 5554.17 5290.61 5949.61 6073.6 6195.98
6165.95 5742.98 5470.15 6158.78 6287.04 6413.65
6382.63 5938.21 5655.77 6375.29 6507.99 6638.97
6606.93 6140.06 5847.69 6599.42 6736.7 6872.21
6839.12 6348.77 6046.1 6831.42 6973.44 7113.63
7079.46 6564.56 6251.25 7071.58 7218.5 7363.54
7328.25 6787.68 6463.34 7320.17 7472.17 7622.22
7585.78 7018.38 6682.63 7577.5 7734.75 7889.98
7852.36 7256.91 6909.34 7843.88 8006.56 8167.15
8128.31 7503.54 7143.74 8119.61 8287.91 8454.05
8413.95 7758.54 7386.08 8405.04 8579.15 8751.03
8709.64 8022.2 7636.63 8700.49 8880.62 9058.44
9015.71 8294.81 7895.68 9006.33 9192.68 9376.64
9332.54 8576.68 8163.5 9322.92 9515.7 9706.02
9660.51 8868.12 8440.39 9650.63 9850.08 10047
10000 9169.45 8726.67 9989.86 10196.2 10399.9
