10 10.686 10.2261 9.25675 9.4944 9.73063
10.3514 11.0597 10.5835 9.59237 9.83832 10.0828
10.7152 11.4465 10.9535 9.94012 10.1947 10.4477
11.0917 11.8467 11.3363 10.3004 10.5638 10.8257
11.4815 12.2609 11.7325 10.6737 10.9464 11.2174
11.885 12.6895 12.1425 11.0605 11.3427 11.6232
12.3027 13.1331 12.5668 11.4613 11.7533 12.0436
12.735 13.5921 13.0059 11.8765 12.1787 12.4791
13.1826 14.0671 13.4602 12.3067 12.6195 12.9304
13.6458 14.5587 13.9304 12.7524 13.0761 13.3979
14.1254 15.0674 14.417 13.2142 13.5492 13.8822
14.6218 15.5939 14.9205 13.6927 14.0393 14.384
15.1356 16.1387 15.4415 14.1884 14.5471 14.9039
15.6675 16.7024 15.9807 14.7019 15.0732 15.4424
16.2181 17.2858 16.5386 15.2339 15.6182 16.0004
16.788 17.8895 17.1159 15.7851 16.1828 16.5784
17.378 18.5142 17.7133 16.3562 16.7678 17.1772
17.9887 19.1606 18.3315 16.9478 17.3738 17.7975
18.6209 19.8295 18.9711 17.5607 18.0015 18.4401
19.2752 20.5217 19.633 18.1956 18.6519 19.1058
19.9526 21.2379 20.3179 18.8533 19.3256 19.7954
20.6538 21.979 21.0265 19.5348 20.0235 20.5098
21.3796 22.7459 21.7598 20.2406 20.7465 21.2498
22.1309 23.5394 22.5184 20.9719 21.4954 22.0164
22.9087 24.3605 23.3034 21.7294 22.2713 22.8106
23.7137 25.21 24.1157 22.5141 23.0749 23.6332
24.5471 26.0891 24.9561 23.327 23.9074 24.4853
25.4097 26.9986 25.8256 24.169 24.7698 25.3679
26.3027 27.9397 26.7252 25.0412 25.663 26.2823
27.227 28.9135 27.656 25.9447 26.5883 27.2294
28.1838 29.9209 28.619 26.8806 27.5467 28.2105
29.1743 30.9633 29.6154 27.85 28.5394 29.2266
30.1995 32.0418 30.6462 28.8541 29.5677 30.2791
31.2608 33.1577 31.7127 29.8941 30.6328 31.3691
32.3594 34.3121 32.816 30.9714 31.7359 32.4981
33.4965 35.5066 33.9575 32.0872 32.8786 33.6675
34.6737 36.7423 35.1384 33.2429 34.062 34.8787
35.8922 38.0208 36.3601 34.44 35.2878 36.1331
37.1535 39.3434 37.6239 35.6798 36.5573 37.4323
38.4592 40.7118 38.9314 36.9638 37.8722 38.7779
39.8107 42.1275 40.2839 38.2938 39.234 40.1714
41.2098 43.592 41.6831 39.6712 40.6445 41.6147
42.658 45.1071 43.1306 41.0977 42.1052 43.1095
44.157 46.6745 44.6279 42.5752 43.618 44.6575
45.7088 48.296 46.1767 44.1053 45.1848 46.2607
47.3151 49.9733 47.7789 45.6899 46.8074 47.921
48.9779 51.7085 49.4362 47.331 48.4878 49.6404
50.6991 53.5035 51.1505 49.0306 50.228 51.4211
52.4807 55.3603 52.9237 50.7906 52.0302 53.2651
54.325 57.2811 54.7579 52.6133 53.8965 55.1747
56.2341 59.268 56.6551 54.5008 55.8293 57.1522
58.2103 61.3232 58.6175 56.4555 57.8307 59.2001
60.256 63.4492 60.6472 58.4796 59.9034 61.3207
62.3735 65.6483 62.7465 60.5757 62.0496 63.5167
64.5654 67.9229 64.9179 62.7462 64.2722 65.7907
66.8344 70.2757 67.1637 64.9939 66.5737 68.1454
69.1831 72.7093 69.4864 67.3213 68.9569 70.5837
71.6143 75.2265 71.8887 69.7313 71.4247 73.1086
74.131 77.8301 74.3733 72.2269 73.9802 75.723
76.7361 80.5231 76.9429 74.8109 76.6263 78.4302
79.4328 83.3084 79.6004 77.4866 79.3662 81.2334
82.2243 86.1892 82.3488 80.2571 82.2034 84.1359
85.1138 89.1688 85.191 83.1258 85.1414 87.1413
88.1049 92.2505 88.1303 86.0961 88.1832 90.2532
91.2011 95.4377 91.1698 89.1716 91.3327 93.4753
94.4061 98.7341 94.3133 92.356 94.5937 96.8116
97.7237 102.143 97.5643 95.6531 97.9701 100.266
101.158 105.669 100.926 99.0669 101.466 103.843
104.713 109.316 104.403 102.601 105.085 107.546
108.393 113.087 107.998 106.261 108.833 111.38
112.202 116.987 111.716 110.05 112.713 115.35
116.145 121.021 115.561 113.973 116.73 119.46
120.226 125.192 119.537 118.034 120.89 123.716
124.451 129.506 123.648 122.239 125.196 128.122
128.825 133.967 127.899 126.593 129.654 132.684
133.352 138.581 132.295 131.1 134.27 137.407
138.038 143.352 136.84 135.767 139.049 142.296
142.889 148.285 141.54 140.598 143.997 147.359
147.911 153.387 146.4 145.6 149.119 152.6
153.109 158.663 151.425 150.778 154.422 158.027
158.489 164.119 156.621 156.139 159.913 163.645
164.059 169.761 161.993 161.689 165.597 169.462
169.824 175.595 167.548 167.435 171.481 175.483
175.792 181.628 173.292 173.384 177.574 181.718
181.97 187.866 179.231 179.542 183.881 188.172
188.365 194.316 185.371 185.917 190.41 194.854
194.984 200.986 191.719 192.517 197.17 201.772
201.837 207.884 198.283 199.35 204.168 208.934
208.93 215.015 205.069 206.423 211.413 216.348
216.272 222.39 212.086 213.746 218.914 224.024
223.872 230.015 219.34 221.327 226.678 231.971
231.739 237.899 226.84 229.175 234.717 240.198
239.883 246.052 234.595 237.299 243.038 248.715
248.313 254.481 242.611 245.709 251.653 257.532
257.04 263.197 250.9 254.416 260.572 266.66
266.073 272.208 259.469 263.429 269.804 276.11
275.423 281.526 268.328 272.759 279.362 285.893
285.102 291.16 277.486 282.418 289.256 296.021
295.121 301.121 286.955 292.417 299.499 306.506
305.492 311.42 296.744 302.767 310.103 317.36
316.228 322.069 306.863 313.482 321.08 328.596
327.341 333.079 317.325 324.575 332.444 340.229
338.844 344.462 328.141 336.057 344.207 352.272
350.752 356.231 339.322 347.944 356.385 364.739
363.078 368.399 350.881 360.248 368.992 377.645
375.837 380.979 362.83 372.986 382.042 391.006
389.045 393.986 375.183 386.172 395.552 404.837
402.717 407.433 387.953 399.822 409.538 419.156
416.869 421.336 401.155 413.951 424.016 433.979
431.519 435.709 414.802 428.578 439.003 449.325
446.684 450.569 428.909 443.72 454.518 465.211
462.381 465.932 443.493 459.394 470.579 481.657
478.63 481.815 458.569 475.619 487.205 498.682
495.45 498.236 474.153 492.415 504.416 516.306
512.861 515.211 490.263 509.801 522.233 534.552
530.884 532.761 506.917 527.799 540.677 553.44
549.541 550.904 524.132 546.43 559.77 572.994
568.853 569.659 541.927 565.715 579.535 593.237
588.844 589.047 560.322 585.679 599.995 614.192
609.537 609.089 579.338 606.345 621.176 635.886
630.957 629.811 598.994 627.738 643.101 658.345
653.131 651.234 619.313 649.883 665.798 681.594
676.083 673.382 640.316 672.806 689.294 705.663
699.842 696.278 662.027 696.535 713.617 730.579
724.436 719.949 684.469 721.099 738.795 756.374
749.894 744.42 707.667 746.526 764.859 783.077
776.247 769.717 731.646 772.846 791.84 810.722
803.526 795.869 756.433 800.093 819.771 839.341
831.764 822.905 782.054 828.297 848.684 868.969
860.994 850.854 808.538 857.492 878.614 899.64
891.251 879.746 835.914 887.714 909.598 931.394
922.571 909.614 864.211 918.998 941.671 964.267
954.993 940.491 893.46 951.381 974.874 998.299
988.553 972.409 923.694 984.903 1009.24 1033.53
1023.29 1005.41 954.945 1019.6 1044.82 1070.01
1059.25 1039.52 987.248 1055.52 1081.65 1107.77
1096.48 1074.78 1020.64 1092.71 1119.78 1146.87
1135.01 1111.23 1055.15 1131.2 1159.25 1187.34
1174.9 1148.91 1090.82 1171.04 1200.11 1229.25
1216.19 1187.86 1127.7 1212.28 1242.4 1272.64
1258.93 1228.13 1165.81 1254.97 1286.19 1317.56
1303.17 1269.75 1205.21 1299.17 1331.51 1364.07
1348.96 1312.78 1245.93 1344.91 1378.43 1412.23
1396.37 1357.26 1288.02 1392.27 1427 1462.11
1445.44 1403.23 1331.52 1441.28 1477.28 1513.75
1496.24 1450.76 1376.49 1492.03 1529.33 1567.25
1548.82 1499.9 1422.97 1544.55 1583.21 1622.67
1603.25 1550.68 1471.01 1598.92 1638.99 1680.13
1659.59 1603.18 1520.67 1655.2 1696.73 1740.16
1717.91 1657.46 1571.99 1713.46 1756.5 1801.47
1778.28 1713.56 1625.04 1773.77 1818.38 1864.99
1840.77 1771.55 1679.88 1836.19 1882.43 1930.88
1905.46 1831.49 1736.55 1900.81 1948.74 1999.08
1972.42 1893.46 1795.13 1967.71 2017.39 2069.29
2041.74 1957.51 1855.68 2036.95 2088.45 2141.98
2113.49 2023.72 1918.26 2108.62 2162.02 2217.22
2187.76 2092.16 1982.94 2182.82 2238.18 2295.1
2264.64 2162.91 2049.8 2259.62 2317.02 2375.73
2344.23 2236.04 2118.9 2339.12 2398.64 2459.19
2426.61 2311.64 2190.32 2421.42 2483.13 2545.58
2511.89 2389.78 2264.14 2506.6 2570.61 2635.01
2600.16 2470.56 2340.44 2594.78 2661.18 2727.59
2691.53 2554.05 2419.3 2686.06 2754.94 2823.42
2786.12 2640.36 2500.81 2780.55 2852.02 2922.62
2884.03 2729.57 2585.05 2878.36 2952.53 3025.31
2985.38 2821.79 2672.13 2979.61 3056.61 3131.6
3090.3 2917.11 2762.12 3084.41 3164.41 3241.64
3198.9 3015.64 2855.13 3192.9 3276.1 3355.55
3311.31 3117.49 2951.27 3305.2 3392.24 3473.46
3427.68 3222.77 3050.63 3421.44 3511.62 3595.51
3548.13 3331.59 3153.32 3541.77 3635.26 3721.86
3672.82 3444.08 3259.46 3666.33 3763.47 3852.65
3801.89 3560.35 3369.16 3795.27 3895.97 3988.04
3935.5 3680.53 3482.54 3928.74 4032.85 4128.18
4073.8 3804.76 3599.72 4066.9 4174.54 4273.26
4216.97 3933.17 3720.83 4209.91 4321.2 4423.44
4365.16 4065.9 3846 4357.95 4473.03 4578.89
4518.56 4203.09 3975.37 4511.19 4630.19 4739.81
4677.35 4344.9 4109.07 4669.82 4792.87 4906.39
4841.72 4491.48 4247.26 4834.02 4961.27 5078.83
5011.87 4643 4390.08 5003.99 5135.6 5257.32
5188 4799.6 4537.68 5179.94 5316.05 5442.1
5370.32 4961.48 4690.23 5362.07 5502.84 5633.37
5559.04 5128.79 4847.89 5550.6 5696.2 5831.36
5754.4 5301.73 5010.83 5745.75 5896.36 6036.31
5956.62 5480.49 5179.24 5947.76 6103.55 6248.47
6165.95 5665.26 5353.28 6156.88 6318.03 6468.09
6382.63 5856.24 5533.15 6373.34 6540.05 6695.43
6606.93 6053.63 5719.05 6597.4 6769.87 6930.76
6839.12 6257.67 5911.17 6829.34 7007.76 7174.37
7079.46 6468.55 6109.72 7069.43 7254.03 7426.54
7328.25 6686.53 6314.92 7317.96 7508.94 7687.57
7585.78 6911.83 6526.99 7575.23 7772.82 7957.78
7852.36 7144.7 6746.15 7841.53 8045.97 8237.49
8128.31 7385.39 6972.65 8117.19 8328.73 8527.03
8413.95 7634.17 7206.73 8402.54 8621.42 8826.76
8709.64 7891.3 7448.65 8697.92 8924.4 9137.02
9015.71 8157.07 7698.65 9003.67 9238.03 9458.18
9332.54 8431.76 7957.02 9320.17 9562.69 9790.64
9660.51 8715.68 8224.03 9647.8 9898.76 10134.8
10000 9009.12 8499.97 9986.93 10246.6 10491
