10 10.5752 10.1615 8.80428 9.22526 9.57768
10.3514 10.9463 10.5179 9.13634 9.56821 9.93002
10.7152 11.3302 10.8867 9.48058 9.92365 10.2951
11.0917 11.7277 11.2684 9.83746 10.292 10.6735
11.4815 12.139 11.6635 10.2074 10.6738 11.0655
11.885 12.5647 12.0724 10.5909 11.0695 11.4717
12.3027 13.0054 12.4956 10.9885 11.4796 11.8926
12.735 13.4614 12.9335 11.4006 11.9045 12.3287
13.1826 13.9333 13.3867 11.8277 12.3449 12.7805
13.6458 14.4218 13.8558 12.2705 12.8013 13.2487
14.1254 14.9273 14.3412 12.7294 13.2743 13.7338
14.6218 15.4505 14.8436 13.2051 13.7643 14.2363
15.1356 15.992 15.3635 13.6981 14.2722 14.757
15.6675 16.5523 15.9015 14.2091 14.7984 15.2965
16.2181 17.1322 16.4583 14.7387 15.3437 15.8553
16.788 17.7324 17.0345 15.2875 15.9087 16.4343
17.378 18.3535 17.6308 15.8564 16.4941 17.0342
17.9887 18.9963 18.2478 16.4458 17.1006 17.6556
18.6209 19.6615 18.8863 17.0567 17.7291 18.2993
19.2752 20.3499 19.547 17.6898 18.3803 18.9662
19.9526 21.0622 20.2308 18.3458 19.0549 19.657
20.6538 21.7994 20.9383 19.0256 19.7538 20.3727
21.3796 22.5623 21.6704 19.73 20.478 21.114
22.1309 23.3518 22.4279 20.4599 21.2282 21.8819
22.9087 24.1687 23.2118 21.2162 22.0054 22.6773
23.7137 25.014 24.0229 21.9999 22.8106 23.5012
24.5471 25.8888 24.8621 22.8118 23.6447 24.3546
25.4097 26.794 25.7305 23.6531 24.5088 25.2386
26.3027 27.7307 26.629 24.5247 25.4039 26.1542
27.227 28.6999 27.5586 25.4277 26.3311 27.1025
28.1838 29.7028 28.5205 26.3632 27.2916 28.0848
29.1743 30.7405 29.5157 27.3325 28.2865 29.1021
30.1995 31.8142 30.5453 28.3366 29.3171 30.1558
31.2608 32.9253 31.6106 29.3768 30.3845 31.2471
32.3594 34.0748 32.7128 30.4544 31.4902 32.3773
33.4965 35.2643 33.853 31.5707 32.6354 33.5478
34.6737 36.4949 35.0327 32.7271 33.8216 34.76
35.8922 37.7683 36.2532 33.9249 35.0501 36.0154
37.1535 39.0857 37.5158 35.1657 36.3226 37.3155
38.4592 40.4488 38.822 36.451 37.6404 38.6619
39.8107 41.8591 40.1732 37.7822 39.0053 40.0562
41.2098 43.3182 41.5711 39.1611 40.4188 41.5001
42.658 44.8277 43.0171 40.5893 41.8828 42.9953
44.157 46.3895 44.513 42.0686 43.3988 44.5436
45.7088 48.0052 46.0604 43.6007 44.9689 46.1469
47.3151 49.6768 47.6611 45.1875 46.5948 47.8072
48.9779 51.4062 49.3168 46.8309 48.2786 49.5264
50.6991 53.1952 51.0295 48.533 50.0223 51.3065
52.4807 55.046 52.8011 50.2957 51.8279 53.1498
54.325 56.9607 54.6335 52.1212 53.6977 55.0584
56.2341 58.9414 56.5289 54.0118 55.6339 57.0346
58.2103 60.9904 58.4893 55.9696 57.6388 59.0808
60.256 63.11 60.517 57.9971 59.7148 61.1995
62.3735 65.3027 62.6143 60.0967 61.8645 63.3932
64.5654 67.5709 64.7834 62.2709 64.0904 65.6645
66.8344 69.9172 67.0269 64.5223 66.3951 68.0161
69.1831 72.3442 69.3472 66.8538 68.7815 70.4508
71.6143 74.8547 71.747 69.2679 71.2524 72.9716
74.131 77.4516 74.2288 71.7678 73.8108 75.5815
76.7361 80.1378 76.7956 74.3562 76.4597 78.2835
79.4328 82.9163 79.4501 77.0365 79.2023 81.081
82.2243 85.7902 82.1953 79.8118 82.042 83.9772
85.1138 88.7629 85.0343 82.6854 84.9819 86.9756
88.1049 91.8376 87.9702 85.6607 88.0258 90.0798
91.2011 95.0179 91.0063 88.7414 91.1773 93.2935
94.4061 98.3073 94.1459 91.9311 94.44 96.6205
97.7237 101.71 97.3927 95.2337 97.8179 100.065
101.158 105.228 100.75 98.653 101.315 103.63
104.713 108.868 104.222 102.193 104.936 107.322
108.393 112.632 107.812 105.859 108.684 111.143
112.202 116.525 111.524 109.654 112.565 115.099
116.145 120.552 115.363 113.583 116.582 119.194
120.226 124.716 119.332 117.65 120.741 123.434
124.451 129.023 123.436 121.862 125.047 127.822
128.825 133.478 127.679 126.222 129.504 132.365
133.352 138.084 132.067 130.736 134.118 137.068
138.038 142.849 136.604 135.409 138.895 141.937
142.889 147.776 141.294 140.247 143.84 146.976
147.911 152.872 146.144 145.256 148.96 152.193
153.109 158.141 151.159 150.441 154.259 157.593
158.489 163.591 156.343 155.809 159.745 163.183
164.059 169.227 161.703 161.366 165.424 168.97
169.824 175.055 167.245 167.12 171.303 174.96
175.792 181.083 172.974 173.076 177.389 181.16
181.97 187.316 178.898 179.241 183.689 187.578
188.365 193.762 185.022 185.624 190.211 194.222
194.984 200.427 191.353 192.232 196.962 201.099
201.837 207.32 197.898 199.073 203.95 208.218
208.93 214.449 204.665 206.154 211.184 215.587
216.272 221.82 211.66 213.485 218.672 223.214
223.872 229.442 218.892 221.074 226.424 231.109
231.739 237.324 226.368 228.93 234.448 239.282
239.883 245.475 234.096 237.062 242.754 247.741
248.313 253.903 242.085 245.481 251.352 256.497
257.04 262.619 250.344 254.196 260.253 265.561
266.073 271.631 258.881 263.217 269.466 274.943
275.423 280.95 267.706 272.556 279.002 284.653
285.102 290.586 276.828 282.224 288.874 294.705
295.121 300.55 286.257 292.231 299.093 305.11
305.492 310.853 296.004 302.591 309.67 315.879
316.228 321.507 306.08 313.315 320.62 327.027
327.341 332.522 316.494 324.416 331.953 338.565
338.844 343.913 327.258 335.908 343.685 350.508
350.752 355.691 338.384 347.804 355.829 362.87
363.078 367.869 349.884 360.118 368.399 375.666
375.837 380.461 361.77 372.865 381.411 388.911
389.045 393.48 374.056 386.06 394.88 402.62
402.717 406.943 386.753 399.72 408.822 416.81
416.869 420.862 399.876 413.859 423.253 431.497
431.519 435.254 413.44 428.496 438.191 446.7
446.684 450.135 427.458 443.647 453.654 462.435
462.381 465.52 441.945 459.331 469.659 478.722
478.63 481.428 456.917 475.566 486.226 495.581
495.45 497.876 472.391 492.372 503.376 513.03
512.861 514.882 488.381 509.769 521.127 531.092
530.884 532.464 504.906 527.778 539.501 549.786
549.541 550.643 521.983 546.419 558.52 569.136
568.853 569.438 539.63 565.716 578.207 589.164
588.844 588.869 557.865 585.691 598.585 609.894
609.537 608.96 576.708 606.368 619.679 631.351
630.957 629.731 596.18 627.772 641.513 653.559
653.131 651.205 616.299 649.928 664.113 676.546
676.083 673.407 637.087 672.862 687.507 700.339
699.842 696.36 658.567 696.603 711.721 724.965
724.436 720.09 680.76 721.179 736.786 750.454
749.894 744.623 703.69 746.618 762.73 776.837
776.247 769.985 727.38 772.951 789.585 804.144
803.526 796.205 751.855 800.21 817.383 832.407
831.764 823.312 777.14 828.426 846.156 861.661
860.994 851.334 803.262 857.635 875.939 891.939
891.251 880.302 830.247 887.869 906.767 923.278
922.571 910.249 858.123 919.167 938.678 955.715
954.993 941.207 886.919 951.564 971.708 989.287
988.553 973.209 916.663 985.1 1005.9 1024.04
1023.29 1006.29 947.387 1019.81 1041.29 1060
1059.25 1040.49 979.121 1055.75 1077.92 1097.23
1096.48 1075.84 1011.9 1092.95 1115.83 1135.75
1135.01 1112.37 1045.75 1131.45 1155.08 1175.63
1174.9 1150.14 1080.71 1171.31 1195.7 1216.9
1216.19 1189.18 1116.82 1212.57 1237.75 1259.62
1258.93 1229.54 1154.1 1255.28 1281.28 1303.83
1303.17 1271.25 1192.61 1299.48 1326.33 1349.59
1348.96 1314.36 1232.37 1345.25 1372.97 1396.95
1396.37 1358.92 1273.42 1392.62 1421.24 1445.96
1445.44 1404.97 1315.81 1441.65 1471.2 1496.69
1496.24 1452.57 1359.58 1492.41 1522.91 1549.19
1548.82 1501.76 1404.77 1544.96 1576.45 1603.53
1603.25 1552.61 1451.42 1599.35 1631.85 1659.77
1659.59 1605.15 1499.58 1655.65 1689.21 1717.97
1717.91 1659.45 1549.3 1713.93 1748.57 1778.21
1778.28 1715.57 1600.62 1774.25 1810.02 1840.55
1840.77 1773.56 1653.59 1836.7 1873.62 1905.06
1905.46 1833.49 1708.27 1901.34 1939.46 1971.83
1972.42 1895.41 1764.7 1968.26 2007.6 2040.92
2041.74 1959.4 1822.95 2037.52 2078.13 2112.42
2113.49 2025.52 1883.05 2109.22 2151.14 2186.41
2187.76 2093.84 1945.08 2183.44 2226.71 2262.97
2264.64 2164.43 2009.08 2260.27 2304.92 2342.18
2344.23 2237.37 2075.12 2339.79 2385.88 2424.13
2426.61 2312.73 2143.26 2422.12 2469.68 2508.89
2511.89 2390.58 2213.57 2507.33 2556.42 2596.61
2600.16 2471.02 2286.1 2595.54 2646.2 2687.41
2691.53 2554.12 2360.92 2686.85 2739.13 2781.37
2786.12 2639.97 2438.1 2781.37 2835.31 2878.63
2884.03 2728.65 2517.72 2879.21 2934.87 2979.3
2985.38 2820.26 2599.83 2980.49 3037.91 3083.48
3090.3 2914.9 2684.52 3085.32 3144.57 3191.32
3198.9 3012.65 2771.86 3193.84 3254.96 3302.94
3311.31 3113.61 2861.93 3306.18 3369.23 3418.46
3427.68 3217.9 2954.8 3422.46 3487.49 3538.04
3548.13 3325.62 3050.57 3542.83 3609.9 3661.81
3672.82 3436.86 3149.3 3667.43 3736.59 3789.92
3801.89 3551.76 3251.09 3796.41 3867.72 3922.52
3935.5 3670.41 3356.03 3929.92 4003.44 4059.78
4073.8 3792.95 3464.19 4068.12 4143.9 4201.86
4216.97 3919.5 3575.68 4211.18 4289.28 4348.94
4365.16 4050.17 3690.59 4359.27 4439.74 4501.2
4518.56 4185.1 3809.01 4512.56 4595.46 4658.82
4677.35 4324.43 3931.04 4671.24 4756.6 4821.99
4841.72 4468.29 4056.79 4835.49 4923.33 4990.93
5011.87 4616.82 4186.34 5005.52 5095.89 5165.85
5188 4770.18 4319.81 5181.52 5274.51 5346.98
5370.32 4928.5 4457.31 5363.71 5459.38 5534.55
5559.04 5091.95 4598.94 5552.3 5650.74 5728.83
5754.4 5260.69 4744.81 5747.52 5848.82 5930.1
5956.62 5434.88 4895.03 5949.59 6053.84 6138.67
6165.95 5614.68 5049.73 6158.77 6266.05 6354.93
6382.63 5800.28 5209.01 6375.3 6485.71 6579.38
6606.93 5991.84 5373.01 6599.44 6713.07 6861
6839.12 6189.57 5541.83 6831.46 6948.42 7101.98
7079.46 6393.63 5715.6 7071.63 7192.02 7351.42
7328.25 6604.24 5894.44 7320.24 7444.18 7609.63
7585.78 6821.58 6078.49 7577.59 7705.19 7876.92
7852.36 7045.87 6267.88 7843.98 7975.37 8153.6
8128.31 7277.31 6462.72 8119.73 8255.04 8440.01
8413.95 7516.12 6663.17 8405.18 8544.54 8736.48
8709.64 7762.53 6869.34 8700.65 8844.22 9043.38
9015.71 8016.76 7081.37 9006.51 9154.44 9361.06
9332.54 8279.06 7299.41 9323.12 9475.59 9689.92
9660.51 8549.65 7523.58 9650.86 9808.04 10030.3
10000 8828.8 7754.03 9990.11 10152.2 10382.7
