10 10.7039 10.2287 9.27252 9.50107 9.73192
10.3514 11.0782 10.5863 9.60821 9.8449 10.084
10.7152 11.4655 10.9563 9.95602 10.2011 10.4487
11.0917 11.8663 11.3392 10.3164 10.5702 10.8267
11.4815 12.281 11.7354 10.6898 10.9526 11.2182
11.885 12.7103 12.1455 11.0766 11.3488 11.6239
12.3027 13.1545 12.5698 11.4774 11.7593 12.0442
12.735 13.6142 13.009 11.8926 12.1846 12.4796
13.1826 14.0899 13.4634 12.3229 12.6252 12.9308
13.6458 14.5822 13.9337 12.7686 13.0818 13.3982
14.1254 15.0916 14.4203 13.2304 13.5547 13.8824
14.6218 15.6188 14.9239 13.7088 14.0447 14.3841
15.1356 16.1644 15.445 14.2045 14.5523 14.9039
15.6675 16.7289 15.9843 14.718 15.0782 15.4423
16.2181 17.3131 16.5422 15.25 15.6231 16.0002
16.788 17.9176 17.1196 15.8012 16.1875 16.5781
17.378 18.5431 17.7171 16.3722 16.7723 17.1768
17.9887 19.1904 18.3354 16.9637 17.3781 17.7971
18.6209 19.8603 18.9751 17.5765 18.0056 18.4396
19.2752 20.5533 19.637 18.2113 18.6558 19.1053
19.9526 21.2705 20.322 18.869 19.3293 19.7949
20.6538 22.0126 21.0307 19.5503 20.027 20.5092
21.3796 22.7805 21.764 20.256 20.7498 21.2492
22.1309 23.575 22.5227 20.9871 21.4985 22.0159
22.9087 24.3971 23.3078 21.7445 22.2741 22.81
23.7137 25.2478 24.1201 22.529 23.0775 23.6326
24.5471 26.128 24.9606 23.3417 23.9097 24.4848
25.4097 27.0387 25.8302 24.1836 24.7718 25.3676
26.3027 27.9809 26.7299 25.0556 25.6648 26.2821
27.227 28.9558 27.6607 25.9589 26.5899 27.2295
28.1838 29.9646 28.6238 26.8945 27.548 28.2108
29.1743 31.0082 29.6202 27.8636 28.5405 29.2271
30.1995 32.088 30.6511 28.8675 29.5685 30.2798
31.2608 33.2052 31.7176 29.9073 30.6333 31.3701
32.3594 34.361 32.821 30.9843 31.7363 32.4994
33.4965 35.5568 33.9625 32.0998 32.8786 33.6691
34.6737 36.794 35.1435 33.2552 34.0619 34.8806
35.8922 38.0739 36.3652 34.4519 35.2874 36.1354
37.1535 39.3981 37.6291 35.6913 36.5567 37.435
38.4592 40.768 38.9365 36.975 37.8713 38.7811
39.8107 42.1852 40.2891 38.3046 39.2329 40.1752
41.2098 43.6514 41.6883 39.6816 40.6432 41.619
42.658 45.1681 43.1357 41.1077 42.1037 43.1144
44.157 46.7372 44.633 42.5847 43.6163 44.6631
45.7088 48.3603 46.1819 44.1144 45.1829 46.267
47.3151 50.0394 47.784 45.6986 46.8053 47.9281
48.9779 51.7764 49.4412 47.3392 48.4856 49.6484
50.6991 53.5732 51.1555 49.0382 50.2257 51.4299
52.4807 55.4319 52.9287 50.7978 52.0278 53.2749
54.325 57.3546 54.7627 52.6199 53.8941 55.1856
56.2341 59.3434 56.6598 54.5069 55.8267 57.1643
58.2103 61.4006 58.6221 56.461 57.8282 59.2134
60.256 63.5286 60.6516 58.4846 59.9008 61.3354
62.3735 65.7296 62.7508 60.5801 62.0471 63.5328
64.5654 68.0064 64.9219 62.75 64.2698 65.8084
66.8344 70.3613 67.1675 64.997 66.5714 68.1648
69.1831 72.797 69.49 67.3238 68.9548 70.6049
71.6143 75.3164 71.892 69.7332 71.4228 73.1317
74.131 77.9222 74.3762 72.228 73.9785 75.7482
76.7361 80.6174 76.9454 74.8114 76.625 78.4576
79.4328 83.4049 79.6025 77.4863 79.3654 81.2631
82.2243 86.2881 82.3504 80.2561 82.2031 84.1681
85.1138 89.2699 85.1921 83.1241 85.1418 87.1762
88.1049 92.354 88.1307 86.0936 88.1843 90.291
91.2011 95.5436 91.1694 89.1683 91.3345 93.5162
94.4061 98.8423 94.3121 92.3519 94.5962 96.8557
97.7237 102.254 97.5623 95.6482 97.9734 100.313
101.158 105.782 100.923 99.0612 101.47 103.894
104.713 109.431 104.399 102.595 105.091 107.601
108.393 113.205 107.994 106.254 108.839 111.439
112.202 117.108 111.711 110.042 112.72 115.414
116.145 121.143 115.555 113.964 116.739 119.529
120.226 125.317 119.529 118.024 120.899 123.789
124.451 129.633 123.639 122.228 125.207 128.201
128.825 134.097 127.889 126.581 129.667 132.768
133.352 138.713 132.284 131.087 134.284 137.497
138.038 143.486 136.828 135.753 139.065 142.393
142.889 148.422 141.527 140.583 144.014 147.462
147.911 153.526 146.386 145.584 149.139 152.711
153.109 158.804 151.41 150.761 154.444 158.145
158.489 164.262 156.604 156.121 159.937 163.771
164.059 169.906 161.975 161.67 165.623 169.596
169.824 175.742 167.529 167.415 171.511 175.627
175.792 181.777 173.271 173.362 177.606 181.87
181.97 188.017 179.208 179.52 183.916 188.335
188.365 194.469 185.346 185.894 190.449 195.028
194.984 201.141 191.693 192.493 197.212 201.957
201.837 208.039 198.255 199.324 204.214 209.13
208.93 215.172 205.04 206.397 211.463 216.557
216.272 222.548 212.054 213.718 218.968 224.247
223.872 230.174 219.307 221.298 226.737 232.208
231.739 238.059 226.805 229.144 234.78 240.449
239.883 246.212 234.558 237.267 243.107 248.982
248.313 254.641 242.573 245.676 251.727 257.816
257.04 263.357 250.859 254.381 260.651 266.962
266.073 272.368 259.426 263.393 269.889 276.431
275.423 281.686 268.283 272.722 279.454 286.233
285.102 291.319 277.44 282.38 289.355 296.382
295.121 301.278 286.907 292.377 299.605 306.889
305.492 311.576 296.694 302.726 310.216 317.767
316.228 322.222 306.813 313.44 321.202 329.028
327.341 333.229 317.273 324.531 332.574 340.687
338.844 344.609 328.088 336.012 344.347 352.758
350.752 356.375 339.268 347.897 356.535 365.254
363.078 368.539 350.826 360.2 369.152 378.191
375.837 381.115 362.775 372.936 382.213 391.585
389.045 394.116 375.128 386.121 395.735 405.452
402.717 407.558 387.898 399.769 409.732 419.807
416.869 421.454 401.1 413.897 424.223 434.67
431.519 435.82 414.748 428.522 439.224 450.057
446.684 450.672 428.857 443.662 454.754 465.987
462.381 466.027 443.442 459.334 470.83 482.479
478.63 481.9 458.521 475.558 487.473 499.553
495.45 498.31 474.108 492.352 504.701 517.23
512.861 515.274 490.222 509.736 522.537 535.53
530.884 532.811 506.88 527.732 541 554.477
549.541 550.941 524.101 546.361 560.114 574.092
568.853 569.682 541.903 565.645 579.901 594.4
588.844 589.054 560.306 585.607 600.384 615.425
609.537 609.076 579.33 606.271 621.589 637.191
630.957 629.78 598.997 627.662 643.541 659.727
653.131 651.185 619.327 649.805 666.265 683.057
676.083 673.314 640.344 672.726 689.79 707.212
699.842 696.191 662.07 696.453 714.144 732.22
724.436 719.841 684.529 721.014 739.354 758.11
749.894 744.291 707.745 746.439 765.453 784.914
776.247 769.567 731.746 772.758 792.471 812.665
803.526 795.698 756.556 800.002 820.44 841.396
831.764 822.711 782.203 828.203 849.395 871.142
860.994 850.636 808.716 857.396 879.369 901.937
891.251 879.505 836.123 887.615 910.398 933.82
922.571 909.349 864.455 918.897 942.521 966.828
954.993 940.201 893.742 951.278 975.775 1001
988.553 972.094 924.018 984.797 1010.2 1036.38
1023.29 1005.07 955.315 1019.5 1045.84 1073.01
1059.25 1039.15 987.668 1055.41 1082.73 1110.93
1096.48 1074.38 1021.11 1092.59 1120.92 1150.18
1135.01 1110.81 1055.68 1131.08 1160.46 1190.82
1174.9 1148.46 1091.42 1170.92 1201.39 1232.9
1216.19 1187.39 1128.37 1212.16 1243.76 1276.45
1258.93 1227.63 1166.56 1254.85 1287.63 1321.53
1303.17 1269.23 1206.03 1299.04 1333.04 1368.2
1348.96 1312.24 1246.84 1344.78 1380.05 1416.5
1396.37 1356.69 1289.03 1392.13 1428.72 1466.5
1445.44 1402.65 1332.64 1441.14 1479.1 1518.24
1496.24 1450.16 1377.72 1491.88 1531.26 1571.78
1548.82 1499.27 1424.31 1544.4 1585.25 1627.18
1603.25 1550.04 1472.49 1598.77 1641.15 1684.46
1659.59 1602.52 1522.28 1655.05 1699.01 1743.71
1717.91 1656.78 1573.75 1713.3 1758.92 1805.04
1778.28 1712.87 1626.96 1773.6 1820.93 1868.49
1840.77 1770.85 1681.97 1836.03 1885.13 1934.13
1905.46 1830.79 1738.83 1900.64 1951.6 2002.07
1972.42 1892.75 1797.6 1967.53 2020.4 2072.4
2041.74 1956.8 1858.36 2036.76 2091.62 2145.2
2113.49 2023.02 1921.17 2108.44 2165.36 2220.56
2187.76 2091.47 1986.09 2182.62 2241.69 2298.57
2264.64 2162.23 2053.2 2259.42 2320.7 2379.32
2344.23 2235.38 2122.58 2338.92 2402.5 2462.91
2426.61 2311 2194.29 2421.21 2487.17 2549.44
2511.89 2389.17 2268.42 2506.39 2574.82 2639.02
2600.16 2469.98 2345.05 2594.56 2665.55 2731.74
2691.53 2553.52 2424.27 2685.84 2759.47 2827.73
2786.12 2639.88 2506.15 2780.32 2856.67 2927.09
2884.03 2729.15 2590.79 2878.12 2957.28 3029.94
2985.38 2821.44 2678.29 2979.36 3061.4 3136.41
3090.3 2916.84 2768.73 3084.15 3169.15 3246.63
3198.9 3015.46 2862.23 3192.63 3280.62 3360.71
3311.31 3117.41 2958.87 3304.93 3395.97 3478.81
3427.68 3222.8 3058.77 3421.16 3515.36 3601.07
3548.13 3331.74 3162.04 3541.49 3638.92 3727.62
3672.82 3444.37 3268.78 3666.04 3766.77 3858.62
3801.89 3560.79 3379.13 3794.97 3899.11 3994.22
3935.5 3681.14 3493.19 3928.42 4036.1 4134.6
4073.8 3805.55 3611.09 4066.57 4177.91 4279.91
4216.97 3934.16 3732.97 4209.58 4324.7 4430.32
4365.16 4067.11 3858.95 4357.61 4476.65 4586.03
4518.56 4204.55 3989.18 4510.84 4633.95 4747.21
4677.35 4346.62 4123.8 4669.46 4796.77 4914.06
4841.72 4493.49 4262.94 4833.65 4965.32 5086.77
5011.87 4645.31 4406.78 5003.61 5139.8 5265.56
5188 4802.25 4555.46 5179.54 5320.4 5450.63
5370.32 4964.49 4709.15 5361.66 5507.36 5642.2
5559.04 5132.2 4868.01 5550.17 5700.89 5840.52
5754.4 5305.56 5032.22 5745.31 5901.22 6045.8
5956.62 5484.78 5201.97 5947.31 6108.59 6258.3
6165.95 5670.04 5377.43 6156.41 6323.25 6478.28
6382.63 5861.54 5558.8 6372.85 6545.46 6705.98
6606.93 6059.51 5746.27 6596.9 6775.48 6941.7
6839.12 6264.15 5940.06 6828.82 7013.58 7185.69
7079.46 6475.7 6140.37 7068.9 7260.06 7438.27
7328.25 6694.37 6347.42 7317.41 7515.19 7699.73
7585.78 6920.42 6561.44 7574.65 7779.3 7970.37
7852.36 7154.1 6782.67 7840.94 8052.69 8250.54
8128.31 7395.65 7011.35 8116.58 8335.69 8540.55
8413.95 7645.34 7247.72 8401.91 8628.64 8840.76
8709.64 7903.46 7492.05 8697.26 8931.88 9151.52
9015.71 8170.27 7744.6 9003 9245.79 9473.2
9332.54 8446.08 8005.64 9319.47 9570.72 9806.2
9660.51 8731.19 8275.48 9647.07 9907.08 10150.9
10000 9025.91 8554.39 9986.19 10255.3 10507.7
