10 10.5503 10.1527 8.72645 9.19049 9.56345
10.3514 10.9205 10.5088 9.05877 9.53375 9.91597
10.7152 11.3036 10.8773 9.40329 9.88951 10.2812
11.0917 11.7001 11.2588 9.76046 10.2582 10.6597
11.4815 12.1105 11.6535 10.1307 10.6404 11.0519
11.885 12.5353 12.0621 10.5146 11.0364 11.4582
12.3027 12.9749 12.485 10.9125 11.4468 11.8793
12.735 13.43 12.9226 11.3249 11.8721 12.3155
13.1826 13.9009 13.3755 11.7524 12.3129 12.7675
13.6458 14.3883 13.8442 12.1956 12.7696 13.2357
14.1254 14.8927 14.3293 12.6549 13.2429 13.7209
14.6218 15.4147 14.8313 13.131 13.7334 14.2236
15.1356 15.955 15.3509 13.6245 14.2416 14.7443
15.6675 16.5142 15.8885 14.1359 14.7682 15.2838
16.2181 17.0929 16.445 14.666 15.3138 15.8427
16.788 17.6918 17.0208 15.2154 15.8792 16.4217
17.378 18.3116 17.6167 15.7847 16.465 17.0216
17.9887 18.9531 18.2333 16.3747 17.0719 17.6429
18.6209 19.6169 18.8714 16.9861 17.7008 18.2866
19.2752 20.3039 19.5317 17.6197 18.3523 18.9535
19.9526 21.0149 20.2151 18.2762 19.0273 19.6442
20.6538 21.7506 20.9222 18.9565 19.7266 20.3597
21.3796 22.512 21.6539 19.6615 20.4511 21.1009
22.1309 23.2999 22.411 20.392 21.2017 21.8686
22.9087 24.1153 23.1944 21.1488 21.9792 22.6638
23.7137 24.9591 24.0051 21.933 22.7847 23.4874
24.5471 25.8323 24.8439 22.7454 23.6191 24.3406
25.4097 26.7358 25.7118 23.5872 24.4834 25.2242
26.3027 27.6709 26.6099 24.4593 25.3787 26.1394
27.227 28.6384 27.5391 25.3628 26.3062 27.0874
28.1838 29.6397 28.5005 26.2988 27.2668 28.0691
29.1743 30.6757 29.4953 27.2685 28.2619 29.086
30.1995 31.7478 30.5245 28.2729 29.2926 30.1391
31.2608 32.8571 31.5894 29.3135 30.3601 31.2297
32.3594 34.0051 32.6911 30.3913 31.4658 32.3593
33.4965 35.1929 33.8309 31.5078 32.611 33.5291
34.6737 36.4219 35.0102 32.6643 33.797 34.7405
35.8922 37.6937 36.2302 33.8621 35.0254 35.9951
37.1535 39.0096 37.4923 35.1028 36.2976 37.2944
38.4592 40.3712 38.798 36.3878 37.6152 38.6399
39.8107 41.78 40.1488 37.7187 38.9797 40.0332
41.2098 43.2378 41.5462 39.0971 40.3927 41.4761
42.658 44.7461 42.9918 40.5247 41.8562 42.9702
44.157 46.3022 44.4872 42.0031 43.3716 44.5175
45.7088 47.9117 46.0342 43.5341 44.9409 46.1198
47.3151 49.5783 47.6353 45.1195 46.5712 47.7791
48.9779 51.3031 49.2912 46.7782 48.2585 49.4969
50.6991 53.0878 51.004 48.4879 50.0043 51.2754
52.4807 54.9342 52.7757 50.2566 51.8116 53.1169
54.325 56.8445 54.6083 52.0873 53.6827 55.0234
56.2341 58.8209 56.5039 53.9825 55.62 56.9974
58.2103 60.8655 58.4647 55.9447 57.6258 59.0412
60.256 62.9807 60.4928 57.9764 59.7026 61.1572
62.3735 65.1689 62.5905 60.0801 61.8529 63.348
64.5654 67.4325 64.7602 62.2583 64.0792 65.6162
66.8344 69.7742 67.0044 64.5137 66.3843 67.9645
69.1831 72.1965 69.3255 66.849 68.7709 70.3957
71.6143 74.7023 71.7262 69.267 71.2418 72.9127
74.131 77.2944 74.2091 71.7707 73.8001 75.5185
76.7361 79.9756 76.7771 74.3629 76.4488 78.2162
79.4328 82.7492 79.433 77.047 79.191 81.009
82.2243 85.6181 82.1797 79.826 82.0301 83.9003
85.1138 88.5857 85.0204 82.7034 84.9694 86.8935
88.1049 91.6553 87.9583 85.6825 88.0125 89.9922
91.2011 94.8304 90.9965 88.767 91.1629 93.2
94.4061 98.1146 94.1386 91.9605 94.4245 96.5207
97.7237 101.512 97.388 95.2669 97.8011 99.9584
101.158 105.025 100.748 98.69 101.297 103.517
104.713 108.659 104.223 102.234 104.916 107.201
108.393 112.418 107.817 105.903 108.662 111.015
112.202 116.306 111.533 109.702 112.54 114.962
116.145 120.327 115.376 113.635 116.555 119.049
120.226 124.486 119.349 117.707 120.712 123.279
124.451 128.788 123.458 121.922 125.015 127.658
128.825 133.237 127.707 126.286 129.469 132.191
133.352 137.838 132.101 130.804 134.08 136.884
138.038 142.597 136.644 135.481 138.853 141.741
142.889 147.519 141.342 140.323 143.794 146.769
147.911 152.609 146.199 145.335 148.909 151.973
153.109 157.874 151.222 150.524 154.205 157.36
158.489 163.319 156.415 155.897 159.686 162.937
164.059 168.95 161.784 161.458 165.36 168.709
169.824 174.774 167.336 167.215 171.233 174.684
175.792 180.797 173.077 173.175 177.313 180.869
181.97 187.025 179.012 179.345 183.607 187.271
188.365 193.467 185.149 185.732 190.122 193.898
194.984 200.129 191.494 192.343 196.866 200.757
201.837 207.019 198.054 199.188 203.847 207.857
208.93 214.144 204.836 206.273 211.073 215.206
216.272 221.512 211.848 213.608 218.553 222.813
223.872 229.132 219.098 221.201 226.296 230.687
231.739 237.012 226.593 229.061 234.311 238.837
239.883 245.161 234.342 237.197 242.607 247.273
248.313 253.588 242.353 245.62 251.195 256.005
257.04 262.303 250.636 254.339 260.084 265.043
266.073 271.315 259.198 263.364 269.286 274.398
275.423 280.635 268.05 272.707 278.811 284.081
285.102 290.273 277.201 282.379 288.67 294.104
295.121 300.239 286.662 292.391 298.875 304.479
305.492 310.545 296.442 302.754 309.439 315.217
316.228 321.203 306.552 313.483 320.373 326.332
327.341 332.224 317.004 324.588 331.692 337.836
338.844 343.62 327.808 336.084 343.408 349.744
350.752 355.405 338.977 347.984 355.535 362.069
363.078 367.592 350.523 360.302 368.088 374.827
375.837 380.194 362.458 373.053 381.081 388.031
389.045 393.225 374.795 386.253 394.53 401.699
402.717 406.7 387.547 399.916 408.452 415.846
416.869 420.633 400.729 414.06 422.862 430.488
431.519 435.041 414.355 428.701 437.778 445.644
446.684 449.94 428.44 443.856 453.218 461.331
462.381 465.346 442.998 459.544 469.2 477.568
478.63 481.276 458.045 475.784 485.742 494.374
495.45 497.748 473.599 492.594 502.865 511.769
512.861 514.781 489.675 509.996 520.589 529.774
530.884 532.392 506.29 528.008 538.935 548.409
549.541 550.603 523.463 546.654 557.925 567.698
568.853 569.434 541.213 565.955 577.581 587.663
588.844 588.904 559.557 585.934 597.927 608.327
609.537 609.036 578.517 606.616 618.987 629.716
630.957 629.853 598.111 628.024 640.786 651.854
653.131 651.377 618.361 650.185 663.35 674.767
676.083 673.632 639.289 673.124 686.706 698.484
699.842 696.643 660.917 696.869 710.881 723.031
724.436 720.435 683.268 721.449 735.905 748.439
749.894 745.036 706.365 746.893 761.807 774.736
776.247 770.471 730.232 773.231 788.618 801.955
803.526 796.769 754.897 800.494 816.37 830.128
831.764 823.96 780.383 828.716 845.095 859.287
860.994 852.073 806.718 857.929 874.829 889.468
891.251 881.139 833.93 888.169 905.606 920.706
922.571 911.191 862.047 919.471 937.463 953.038
954.993 942.261 891.099 951.874 970.437 986.502
988.553 974.384 921.115 985.415 1004.57 1021.14
1023.29 1007.6 952.128 1020.13 1039.9 1056.99
1059.25 1041.93 984.169 1056.07 1076.47 1094.09
1096.48 1077.43 1017.27 1093.28 1114.32 1132.5
1135.01 1114.13 1051.47 1131.79 1153.5 1172.25
1174.9 1152.07 1086.8 1171.65 1194.05 1213.39
1216.19 1191.29 1123.3 1212.91 1236.03 1255.97
1258.93 1231.84 1161 1255.63 1279.48 1300.04
1303.17 1273.76 1199.95 1299.84 1324.46 1345.65
1348.96 1317.09 1240.18 1345.61 1371.01 1392.86
1396.37 1361.89 1281.73 1392.99 1419.2 1441.72
1445.44 1408.2 1324.65 1442.03 1469.08 1492.3
1496.24 1456.07 1368.98 1492.8 1520.7 1544.64
1548.82 1505.56 1414.77 1545.35 1574.14 1598.81
1603.25 1556.71 1462.06 1599.74 1629.46 1654.88
1659.59 1609.58 1510.89 1656.05 1686.71 1712.9
1717.91 1664.24 1561.33 1714.34 1745.97 1772.96
1778.28 1720.73 1613.41 1774.67 1807.31 1835.11
1840.77 1779.13 1667.19 1837.12 1870.81 1899.44
1905.46 1839.48 1722.73 1901.77 1936.53 1966.01
1972.42 1901.87 1780.08 1968.69 2004.55 2034.91
2041.74 1966.35 1839.29 2037.97 2074.97 2106.21
2113.49 2032.99 1900.43 2109.67 2147.85 2180
2187.76 2101.87 1963.55 2183.9 2223.29 2256.36
2264.64 2173.05 2028.71 2260.74 2301.37 2335.39
2344.23 2246.62 2095.99 2340.27 2382.2 2417.15
2426.61 2322.65 2165.44 2422.6 2465.86 2501.76
2511.89 2401.22 2237.14 2507.83 2552.45 2589.28
2600.16 2482.43 2311.15 2596.05 2642.08 2679.84
2691.53 2566.34 2387.54 2687.36 2734.85 2773.57
2786.12 2653.05 2466.39 2781.89 2830.87 2870.58
2884.03 2742.66 2547.77 2879.74 2930.27 2970.99
2985.38 2835.25 2631.77 2981.03 3033.14 3074.91
3090.3 2930.93 2718.45 3085.88 3139.63 3182.48
3198.9 3029.8 2807.91 3194.41 3249.84 3293.81
3311.31 3131.95 2900.23 3306.76 3363.93 3409.05
3427.68 3237.5 2995.49 3423.05 3482 3528.32
3548.13 3346.56 3093.79 3543.43 3604.22 3651.77
3672.82 3459.24 3195.22 3668.04 3730.72 3779.55
3801.89 3575.65 3299.86 3797.03 3861.65 3911.82
3935.5 3695.92 3407.83 3930.56 3997.17 4048.72
4073.8 3820.18 3519.21 4068.77 4137.43 4190.43
4216.97 3948.55 3634.12 4211.85 4282.61 4337.12
4365.16 4081.16 3752.65 4359.95 4432.86 4488.96
4518.56 4218.16 3874.92 4513.25 4588.37 4646.14
4677.35 4359.69 4001.03 4671.95 4749.32 4808.86
4841.72 4505.88 4131.1 4836.22 4915.9 4977.31
5011.87 4656.89 4265.26 5006.26 5088.27 5151.7
5188 4812.88 4403.6 5182.28 5266.65 5332.25
5370.32 4974 4546.28 5364.48 5451.28 5519.19
5559.04 5140.43 4693.4 5553.09 5642.39 5712.76
5754.4 5312.32 4845.09 5748.33 5840.2 5913.23
5956.62 5489.86 5001.5 5950.42 6044.96 6120.87
6165.95 5673.22 5162.76 6159.62 6256.89 6335.98
6382.63 5862.6 5329.01 6376.17 6476.26 6558.92
6606.93 6058.18 5500.38 6600.33 6703.33 6790.12
6839.12 6260.17 5677.04 6832.37 6938.37 7030.2
7079.46 6468.75 5859.13 7072.56 7181.65 7318.42
7328.25 6684.16 6046.79 7321.2 7433.48 7575.33
7585.78 6906.59 6240.21 7578.57 7694.14 7841.26
7852.36 7136.28 6439.52 7844.98 7963.96 8116.53
8128.31 7373.46 6644.91 8120.76 8243.26 8401.47
8413.95 7618.36 6856.53 8406.23 8532.36 8696.42
8709.64 7871.22 7074.56 8701.74 8831.62 9001.74
9015.71 8132.3 7299.19 9007.62 9141.41 9317.77
9332.54 8401.85 7530.58 9324.26 9462.08 9644.91
9660.51 8680.15 7768.92 9652.03 9794.04 9983.55
10000 8967.47 8014.41 9991.31 10137.7 10334.1
