10 10.6204 10.1516 9.21229 9.43759 9.66482
10.3514 10.9929 10.5077 9.54693 9.78025 10.0156
10.7152 11.3785 10.8762 9.89369 10.1353 10.379
11.0917 11.7775 11.2576 10.253 10.5032 10.7556
11.4815 12.1905 11.6523 10.6253 10.8844 11.1457
11.885 12.618 12.0609 11.0111 11.2794 11.55
12.3027 13.0604 12.4837 11.4108 11.6887 11.9689
12.735 13.5182 12.9213 11.825 12.1127 12.403
13.1826 13.9921 13.3742 12.2542 12.5521 12.8527
13.6458 14.4825 13.8429 12.6988 13.0074 13.3186
14.1254 14.99 14.328 13.1596 13.4791 13.8014
14.6218 15.5153 14.8299 13.6369 13.9678 14.3016
15.1356 16.0588 15.3495 14.1315 14.4742 14.8198
15.6675 16.6214 15.8871 14.644 14.9989 15.3568
16.2181 17.2036 16.4435 15.175 15.5425 15.9131
16.788 17.806 17.0193 15.7251 16.1056 16.4895
17.378 18.4295 17.6151 16.2951 16.6891 17.0866
17.9887 19.0748 18.2318 16.8856 17.2937 17.7053
18.6209 19.7425 18.8699 17.4974 17.92 18.3462
19.2752 20.4334 19.5302 18.1312 18.5688 19.0102
19.9526 21.1485 20.2135 18.7879 19.2411 19.6981
20.6538 21.8884 20.9206 19.4682 19.9375 20.4108
21.3796 22.6541 21.6523 20.173 20.659 21.1491
22.1309 23.4464 22.4094 20.9032 21.4064 21.914
22.9087 24.2662 23.1929 21.6596 22.1807 22.7064
23.7137 25.1146 24.0036 22.4432 22.9829 23.5272
24.5471 25.9925 24.8424 23.255 23.8139 24.3775
25.4097 26.9008 25.7104 24.096 24.6747 25.2584
26.3027 27.8407 26.6085 24.9672 25.5665 26.1709
27.227 28.8132 27.5378 25.8696 26.4902 27.1161
28.1838 29.8195 28.4993 26.8044 27.4471 28.0953
29.1743 30.8607 29.4942 27.7728 28.4383 29.1095
30.1995 31.938 30.5235 28.7759 29.4651 30.1601
31.2608 33.0526 31.5885 29.815 30.5286 31.2484
32.3594 34.2059 32.6904 30.8913 31.6303 32.3756
33.4965 35.3991 33.8304 32.0061 32.7714 33.5432
34.6737 36.6336 35.0099 33.1609 33.9533 34.7526
35.8922 37.9109 36.2301 34.357 35.1776 36.0052
37.1535 39.2323 37.4926 35.5959 36.4456 37.3027
38.4592 40.5994 38.7987 36.8791 37.759 38.6465
39.8107 42.0138 40.1499 38.2082 39.1193 40.0384
41.2098 43.4771 41.5478 39.5847 40.5283 41.4799
42.658 44.9909 42.9939 41.0104 41.9875 42.973
44.157 46.5569 44.4899 42.4871 43.4988 44.5193
45.7088 48.177 46.0375 44.0164 45.0641 46.1208
47.3151 49.8531 47.6385 45.6003 46.6852 47.7795
48.9779 51.5868 49.2946 47.2407 48.3641 49.4972
50.6991 53.3804 51.0078 48.9395 50.1029 51.2762
52.4807 55.2358 52.7799 50.6989 51.9036 53.1186
54.325 57.155 54.6131 52.521 53.7684 55.0265
56.2341 59.1404 56.5093 54.4079 55.6996 57.0024
58.2103 61.194 58.4707 56.362 57.6995 59.0486
60.256 63.3183 60.4996 58.3856 59.7706 61.1676
62.3735 65.5157 62.5981 60.4812 61.9154 63.362
64.5654 67.7886 64.7687 62.6512 64.1364 65.6343
66.8344 70.1396 67.0139 64.8984 66.4363 67.9874
69.1831 72.5714 69.336 67.2255 68.8179 70.4241
71.6143 75.0866 71.7379 69.6352 71.2841 72.9473
74.131 77.6882 74.2221 72.1304 73.8378 75.5601
76.7361 80.379 76.7915 74.7141 76.4822 78.2655
79.4328 83.1621 79.4489 77.3896 79.2204 81.067
82.2243 86.0407 82.1973 80.1599 82.0556 83.9678
85.1138 89.0179 85.0399 83.0284 84.9914 86.9714
88.1049 92.0971 87.9797 85.9986 88.0313 90.0815
91.2011 95.2818 91.0201 89.074 91.1788 93.3018
94.4061 98.5755 94.1646 92.2584 94.4379 96.6362
97.7237 101.982 97.4165 95.5555 97.8123 100.089
101.158 105.505 100.78 98.9694 101.306 103.663
104.713 109.148 104.258 102.504 104.924 107.364
108.393 112.917 107.854 106.164 108.669 111.196
112.202 116.814 111.574 109.953 112.547 115.164
116.145 120.844 115.421 113.876 116.562 119.272
120.226 125.011 119.399 117.938 120.719 123.525
124.451 129.322 123.512 122.143 125.023 127.929
128.825 133.779 127.766 126.497 129.479 132.488
133.352 138.389 132.165 131.005 134.093 137.208
138.038 143.155 136.714 135.672 138.869 142.095
142.889 148.085 141.418 140.504 143.815 147.154
147.911 153.183 146.283 145.506 148.934 152.392
153.109 158.454 151.313 150.685 154.235 157.815
158.489 163.905 156.514 156.046 159.722 163.43
164.059 169.542 161.892 161.597 165.403 169.242
169.824 175.372 167.454 167.344 171.285 175.26
175.792 181.399 173.204 173.293 177.374 181.49
181.97 187.633 179.151 179.452 183.678 187.939
188.365 194.078 185.3 185.829 190.204 194.616
194.984 200.743 191.657 192.43 196.96 201.529
201.837 207.635 198.231 199.263 203.954 208.685
208.93 214.762 205.029 206.338 211.195 216.093
216.272 222.131 212.058 213.662 218.69 223.763
223.872 229.751 219.325 221.244 226.45 231.703
231.739 237.63 226.84 229.093 234.484 239.922
239.883 245.777 234.609 237.218 242.8 248.431
248.313 254.201 242.643 245.63 251.41 257.24
257.04 262.912 250.949 254.337 260.322 266.359
266.073 271.919 259.538 263.352 269.549 275.799
275.423 281.232 268.418 272.684 279.1 285.572
285.102 290.862 277.6 282.344 288.988 295.689
295.121 300.819 287.093 292.344 299.223 306.162
305.492 311.114 296.908 302.697 309.819 317.004
316.228 321.76 307.057 313.414 320.788 328.227
327.341 332.766 317.55 324.508 332.143 339.846
338.844 344.147 328.399 335.992 343.898 351.873
350.752 355.915 339.616 347.88 356.066 364.324
363.078 368.082 351.213 360.187 368.663 377.213
375.837 380.662 363.204 372.927 381.703 390.555
389.045 393.67 375.601 386.114 395.201 404.368
402.717 407.119 388.418 399.766 409.175 418.666
416.869 421.025 401.67 413.898 423.64 433.467
431.519 435.403 415.372 428.527 438.614 448.789
446.684 450.269 429.537 443.671 454.115 464.65
462.381 465.639 444.183 459.347 470.161 481.068
478.63 481.531 459.325 475.575 486.771 498.065
495.45 497.963 474.981 492.373 503.966 515.659
512.861 514.952 491.166 509.762 521.765 533.873
530.884 532.517 507.9 527.762 540.19 552.727
549.541 550.678 525.201 546.396 559.263 572.244
568.853 569.456 543.088 565.684 579.008 592.447
588.844 588.87 561.581 585.651 599.446 613.361
609.537 608.943 580.701 606.32 620.603 635.011
630.957 629.697 600.467 627.716 642.504 657.422
653.131 651.154 620.903 649.863 665.175 680.621
676.083 673.339 642.031 672.79 688.644 704.636
699.842 696.277 663.875 696.522 712.937 729.496
724.436 719.992 686.458 721.089 738.085 755.23
749.894 744.511 709.805 746.519 764.117 781.868
776.247 769.862 733.943 772.844 791.064 809.444
803.526 796.071 758.898 800.093 818.958 837.989
831.764 823.17 784.697 828.301 847.834 867.538
860.994 851.186 811.37 857.5 877.724 898.125
891.251 880.153 838.945 887.726 908.665 929.789
922.571 910.101 867.454 919.014 940.694 962.565
954.993 941.064 896.927 951.402 973.849 996.494
988.553 973.076 927.397 984.928 1008.17 1031.62
1023.29 1006.17 958.898 1019.63 1043.7 1067.97
1059.25 1040.39 991.465 1055.56 1080.47 1105.61
1096.48 1075.77 1025.13 1092.74 1118.54 1144.57
1135.01 1112.35 1059.94 1131.24 1157.95 1184.89
1174.9 1150.16 1095.93 1171.09 1198.74 1226.64
1216.19 1189.26 1133.13 1212.33 1240.97 1269.85
1258.93 1229.68 1171.59 1255.03 1284.68 1314.59
1303.17 1271.47 1211.35 1299.23 1329.93 1360.89
1348.96 1314.67 1252.45 1344.98 1376.76 1408.82
1396.37 1359.34 1294.95 1392.34 1425.25 1458.44
1445.44 1405.52 1338.88 1441.36 1475.44 1509.81
1496.24 1453.27 1384.3 1492.11 1527.39 1562.97
1548.82 1502.63 1431.25 1544.64 1581.17 1618.01
1603.25 1553.67 1479.79 1599.02 1636.84 1674.98
1659.59 1606.43 1529.98 1655.31 1694.46 1733.96
1717.91 1660.98 1581.85 1713.57 1754.11 1795.01
1778.28 1717.37 1635.48 1773.89 1815.86 1858.2
1840.77 1775.67 1690.93 1836.32 1879.78 1923.62
1905.46 1835.95 1748.25 1900.95 1945.94 1991.34
1972.42 1898.27 1807.5 1967.85 2014.44 2061.43
2041.74 1962.7 1868.76 2037.1 2085.33 2134
2113.49 2029.31 1932.09 2108.78 2158.72 2209.11
2187.76 2098.17 1997.55 2182.98 2234.69 2286.86
2264.64 2169.36 2065.23 2259.79 2313.33 2367.35
2344.23 2242.96 2135.2 2339.3 2394.74 2450.66
2426.61 2319.06 2207.53 2421.61 2479 2536.9
2511.89 2397.73 2282.3 2506.81 2566.23 2626.18
2600.16 2479.06 2359.6 2595 2656.52 2718.59
2691.53 2563.14 2439.51 2686.29 2749.99 2814.26
2786.12 2650.06 2522.12 2780.79 2846.74 2913.28
2884.03 2739.93 2607.52 2878.61 2946.9 3015.79
2985.38 2832.84 2695.8 2979.86 3050.57 3121.9
3090.3 2928.89 2787.07 3084.68 3157.89 3231.74
3198.9 3028.19 2881.41 3193.18 3268.98 3345.44
3311.31 3130.85 2978.94 3305.49 3383.97 3463.14
3427.68 3236.98 3079.77 3421.75 3503.01 3584.98
3548.13 3346.7 3184 3542.1 3626.22 3711.1
3672.82 3460.13 3291.75 3666.67 3753.77 3841.65
3801.89 3577.39 3403.13 3795.62 3885.81 3976.79
3935.5 3698.62 3518.28 3929.11 4022.48 4116.69
4073.8 3823.96 3637.31 4067.28 4163.96 4261.5
4216.97 3953.52 3760.37 4210.31 4310.41 4411.4
4365.16 4087.47 3887.57 4358.37 4462.01 4566.57
4518.56 4225.95 4019.07 4511.63 4618.94 4727.19
4677.35 4369.11 4155 4670.27 4781.38 4893.47
4841.72 4517.11 4295.53 4834.5 4949.53 5065.58
5011.87 4670.11 4440.79 5004.49 5123.59 5243.75
5188 4828.29 4590.96 5180.46 5303.77 5428.18
5370.32 4991.81 4746.19 5362.61 5490.28 5619.09
5559.04 5160.86 4906.66 5551.16 5683.35 5816.72
5754.4 5335.62 5072.55 5746.33 5883.2 6021.29
5956.62 5516.28 5244.03 5948.37 6090.08 6233.05
6165.95 5703.05 5421.29 6157.51 6304.23 6452.26
6382.63 5896.14 5604.53 6373.99 6525.91 6679.17
6606.93 6095.74 5793.96 6598.09 6755.38 6914.06
6839.12 6302.09 5989.77 6830.06 6992.91 7157.21
7079.46 6515.42 6192.19 7070.18 7238.79 7408.9
7328.25 6735.95 6401.43 7318.74 7493.31 7669.44
7585.78 6963.93 6617.73 7576.03 7756.78 7939.14
7852.36 7199.61 6841.33 7842.37 8029.51 8218.32
8128.31 7443.25 7072.46 8118.06 8311.83 8507.32
8413.95 7695.12 7311.38 8403.45 8604.07 8806.47
8709.64 7955.5 7558.36 8698.86 8906.58 9116.14
9015.71 8224.67 7813.67 9004.66 9219.72 9436.7
9332.54 8502.94 8077.58 9321.2 9543.87 9768.52
9660.51 8790.6 8350.39 9648.86 9879.41 10112
10000 9087.97 8632.39 9988.04 10226.7 10467.6
