10.4713 10.6429 11.0899 10.718 11.1651 10.0823 10.6222 10.1575 10.6987
10.9648 11.1812 11.6116 11.2582 11.6886 10.5461 11.1322 10.6231 11.2106
11.4815 11.7466 12.1577 11.8255 12.2366 11.0307 11.6669 11.1094 11.7472
12.0226 12.3407 12.7295 12.4214 12.8102 11.5368 12.2274 11.6174 12.3097
12.5893 12.9648 11.6487 13.0473 11.7317 12.0655 12.8152 12.1479 12.8994
13.1826 13.6202 12.2172 13.7047 12.3022 12.6177 13.4314 12.7019 13.5176
13.8038 14.3087 14.6107 14.3951 14.6971 13.1943 14.0775 13.2803 14.1658
14.4544 15.0317 13.4385 15.12 13.5274 13.7964 14.755 13.8842 14.8452
15.1356 15.7909 14.0939 15.8811 14.1847 14.4249 15.4653 14.5147 15.5576
15.8489 16.588 14.7811 16.6802 14.8739 15.0811 16.2101 15.1727 16.3045
16.5959 17.4249 15.5016 17.519 15.5963 15.766 16.9911 15.8594 17.0875
17.378 18.3034 16.2569 18.3994 16.3536 16.4809 17.81 16.576 17.9084
18.197 19.2255 17.0489 19.3235 17.1475 17.2268 18.6686 17.3238 18.7691
19.0546 20.1481 17.8791 20.2479 17.9797 18.0051 19.5688 18.1039 19.6714
19.9526 21.0939 18.7494 21.1957 18.852 18.8171 20.5128 18.9177 20.6175
20.893 22.0839 19.6618 22.1876 19.7664 19.6642 21.5026 19.7665 21.6093
21.8776 23.1201 20.6183 23.2258 20.7248 20.6111 22.5403 20.7152 22.6492
22.9087 24.2048 21.6209 24.3123 21.7294 21.6144 23.6283 21.7202 23.7393
23.9883 25.34 22.6719 25.4494 22.7823 22.6661 24.7691 22.7736 24.8822
25.1189 26.5283 23.7736 26.6395 23.8858 23.7685 25.965 23.8776 26.0802
26.3027 27.7719 24.9283 27.885 25.0425 24.924 27.2188 25.0348 27.3361
27.5423 29.0735 26.1386 29.1885 26.2547 26.1351 28.5332 26.2475 28.6526
28.8403 30.4358 27.4072 30.5526 27.5251 27.4044 29.911 27.5185 30.0325
30.1995 31.8615 28.7368 31.9802 28.8565 28.7348 31.3552 28.8505 31.4788
31.6228 33.3537 30.1302 33.4741 30.2518 30.1291 32.869 30.2463 32.9947
33.1131 34.9153 31.5906 35.0375 31.714 31.5904 34.4555 31.7091 34.5833
34.6737 36.5496 33.121 36.6735 33.2462 33.1217 36.1182 33.2419 36.248
36.3078 38.2599 34.7249 38.3856 34.8518 34.7265 37.8605 34.8482 37.9924
38.0189 40.0497 36.4055 40.1771 36.5342 36.4081 39.6861 36.5312 39.8201
39.8107 41.9228 38.1667 42.0518 38.297 38.1702 41.5988 38.2947 41.7348
41.6869 43.8829 40.0121 44.0136 40.144 40.0166 43.6028 40.1425 43.7408
43.6516 45.9341 41.9457 46.0665 42.0793 41.9512 45.702 42.0785 45.8421
45.7088 48.0697 43.9717 48.2033 44.107 43.9782 47.8367 44.1068 47.9786
47.863 50.3098 46.0987 50.4449 46.2354 46.1066 50.1508 46.2364 50.2945
50.1187 52.6545 48.3339 52.7909 48.4719 48.3428 52.5635 48.4736 52.7091
52.4807 55.1079 50.6714 55.2458 50.8107 50.6814 55.0863 50.8133 55.2338
54.9541 57.675 53.1194 57.8142 53.2601 53.1306 57.6541 53.2635 57.8034
57.544 60.3609 55.6838 60.5014 55.8258 55.6961 60.3402 55.83 60.4913
60.256 63.1709 58.3702 63.3126 58.5134 58.3835 63.1505 58.5185 63.3035
63.0957 66.1107 61.1844 66.2536 61.3289 61.1989 66.0907 61.3348 66.2455
66.0693 69.1861 64.1326 69.3303 64.2783 64.1482 69.1667 64.285 69.3232
69.1831 72.4035 67.2211 72.5488 67.368 67.2378 72.3847 67.3755 72.5429
72.4436 75.7691 70.4566 75.9155 70.6045 70.4743 75.7511 70.6128 75.9111
75.8578 79.2899 73.846 79.4374 73.995 73.8647 79.2728 74.004 79.4345
79.4328 82.9728 77.3965 83.1213 77.5465 77.4162 82.9568 77.5563 83.1201
83.1764 86.8252 81.1158 86.9747 81.2668 81.1365 86.8105 81.2773 86.9755
87.0964 90.8549 85.0118 91.0053 85.1637 85.0335 90.8417 85.1749 91.0082
91.2011 95.07 89.0928 95.2213 89.2456 89.1154 95.0583 89.2575 95.2264
95.4993 99.4788 93.3675 99.631 93.5212 93.3911 99.469 93.5338 99.6386
100 104.09 97.8452 104.243 97.9997 97.8695 104.082 98.0128 104.254
104.713 108.914 102.535 109.067 102.69 102.56 108.908 102.704 109.081
109.648 113.958 107.448 114.113 107.604 107.474 113.955 107.618 114.129
114.815 119.235 112.593 119.39 112.75 112.62 119.234 112.764 119.41
120.226 124.753 117.982 124.909 118.14 118.009 124.756 118.155 124.932
125.893 130.525 123.627 130.681 123.785 123.654 130.53 123.8 130.709
131.826 136.561 129.539 136.718 129.697 129.567 136.57 129.713 136.75
138.038 142.874 135.73 143.032 135.889 135.759 142.887 135.905 143.068
144.544 149.476 142.215 149.635 142.375 142.244 149.493 142.391 149.675
151.356 156.381 149.007 156.54 149.167 149.036 156.402 149.183 156.585
158.489 163.603 156.12 163.762 156.28 156.149 163.627 156.296 163.812
165.959 171.154 163.569 171.314 163.73 163.598 171.184 163.746 171.369
173.78 179.072 171.35 179.232 171.511 171.379 179.106 171.527 179.293
181.97 187.596 179.248 187.756 179.41 179.275 187.634 179.422 187.822
190.546 196.522 187.507 196.683 187.669 187.531 196.565 187.677 196.755
199.526 205.87 196.143 206.031 196.305 196.164 205.918 196.308 206.109
208.93 215.659 205.173 215.821 205.336 205.191 215.713 205.334 215.905
218.776 225.91 214.616 226.072 214.78 214.629 225.97 214.77 226.164
229.087 236.645 224.49 236.807 224.654 224.497 236.712 224.637 236.907
239.883 247.886 234.815 248.049 234.979 234.815 247.962 234.953 248.158
251.189 259.658 245.611 259.821 245.776 245.602 259.742 245.739 259.939
263.027 271.985 256.9 272.148 257.065 256.881 272.079 257.016 272.277
275.423 284.893 268.704 285.056 268.869 268.673 284.997 268.806 285.197
288.403 298.41 281.046 298.573 281.211 281.002 298.526 281.133 298.727
301.995 312.564 293.952 312.728 294.117 293.892 312.674 294.02 312.876
316.228 327.386 307.446 327.55 307.611 307.368 327.084 307.494 327.286
331.131 342.907 321.555 343.07 321.72 321.456 342.159 321.58 342.362
346.737 359.159 336.307 359.322 336.473 336.186 357.932 336.307 358.136
363.078 376.177 351.732 376.341 351.898 351.585 374.435 351.704 374.64
380.189 393.997 367.86 394.161 368.026 367.683 391.704 367.8 391.91
398.107 412.657 384.724 412.821 384.89 384.513 409.774 384.627 409.98
416.869 432.197 402.355 432.361 402.522 402.108 428.683 402.219 428.891
436.516 452.657 420.791 452.821 420.957 420.501 448.472 420.61 448.68
457.088 474.081 440.066 474.246 440.232 439.73 469.182 439.837 469.391
478.63 496.515 460.219 496.68 460.385 459.832 490.857 459.936 491.066
501.187 520.006 481.29 520.171 481.457 480.847 513.542 480.948 513.752
524.807 544.604 503.322 544.769 503.488 502.815 537.286 502.913 537.496
549.541 570.361 526.357 570.525 526.523 525.781 562.138 525.876 562.349
575.44 597.331 550.44 597.496 550.607 549.788 588.151 549.88 588.363
602.56 625.572 575.621 625.736 575.788 574.885 615.381 574.974 615.594
630.957 655.143 601.949 655.307 602.115 601.12 643.885 601.206 644.098
660.693 686.107 629.475 686.272 629.642 628.545 673.722 628.628 673.936
691.831 718.53 658.255 718.694 658.421 657.213 704.957 657.294 705.171
724.436 752.48 688.345 752.645 688.511 687.125 737.656 687.203 737.87
758.578 788.029 719.805 788.194 719.971 718.45 771.887 718.525 772.102
794.328 825.253 752.697 825.418 752.864 751.195 807.723 751.268 807.939
831.764 864.23 787.086 864.395 787.253 785.425 845.241 785.495 845.457
870.964 905.044 823.041 905.208 823.208 821.206 884.519 821.274 884.736
912.011 947.779 860.633 947.944 860.8 858.61 925.642 858.674 925.859
954.993 992.528 899.935 992.692 900.102 897.708 968.695 897.77 968.913
1000 1039.38 941.026 1039.55 941.193 938.579 1013.77 938.638 1013.99
1047.13 1088.45 983.988 1088.61 984.155 981.302 1060.97 981.358 1061.18
1096.48 1139.82 1028.9 1139.99 1029.07 1025.96 1110.38 1026.01 1110.6
1148.15 1193.61 1075.87 1193.78 1076.03 1072.64 1162.11 1072.69 1162.33
1202.26 1249.94 1124.96 1250.11 1125.13 1121.44 1216.28 1121.49 1216.5
1258.93 1308.92 1176.29 1309.09 1176.46 1172.45 1273 1172.5 1273.22
1318.26 1370.68 1229.96 1370.84 1230.13 1225.76 1332.38 1225.81 1332.6
1380.38 1435.35 1286.07 1435.51 1286.24 1281.47 1394.55 1281.51 1394.78
1445.44 1503.06 1344.73 1503.22 1344.9 1339.69 1459.66 1339.74 1459.88
1513.56 1573.96 1406.06 1574.13 1406.23 1400.56 1527.82 1400.6 1528.04
1584.89 1648.2 1470.19 1648.37 1470.35 1464.18 1599.2 1464.22 1599.42
1659.59 1725.94 1537.22 1726.1 1537.39 1530.68 1673.93 1530.72 1674.15
1737.8 1807.34 1607.31 1807.5 1607.48 1600.2 1752.18 1600.23 1752.4
1819.7 1892.57 1680.59 1892.74 1680.75 1672.86 1834.12 1672.9 1834.34
1905.46 1981.82 1757.2 1981.98 1757.36 1748.82 1919.91 1748.85 1920.14
1995.26 2075.27 1837.29 2075.43 1837.46 1828.21 2009.75 1828.24 2009.97
2089.3 2173.12 1921.03 2173.29 1921.2 1911.2 2103.81 1911.23 2104.03
2187.76 2275.58 2008.57 2275.75 2008.74 1997.94 2202.3 1997.97 2202.53
2290.87 2382.87 2100.1 2383.03 2100.27 2088.62 2305.44 2088.64 2305.66
2398.83 2495.21 2195.79 2495.37 2195.96 2183.4 2413.43 2183.42 2413.65
2511.89 2612.84 2295.83 2613 2296 2282.47 2526.51 2282.49 2526.73
2630.27 2736 2400.43 2736.17 2400.59 2386.02 2644.91 2386.04 2645.14
2754.23 2864.98 2509.77 2865.14 2509.94 2494.26 2768.89 2494.28 2769.12
2884.03 3000.02 2624.09 3000.18 2624.26 2607.4 2898.71 2607.42 2898.94
3019.95 3141.43 2743.61 3141.59 2743.78 2725.67 3034.65 2725.68 3034.88
3162.28 3289.49 2868.56 3289.65 2868.73 2849.28 3177 2849.3 3177.22
3311.31 3444.53 2999.2 3444.69 2999.37 2978.49 3326.05 2978.51 3326.27
3467.37 3606.87 3135.77 3607.03 3135.94 3113.55 3482.12 3113.56 3482.35
3630.78 3776.85 3278.56 3777.02 3278.72 3254.71 3645.55 3254.73 3645.77
3801.89 3954.85 3427.83 3955.01 3428 3402.27 3816.67 3402.28 3816.9
3981.07 4141.22 3583.89 4141.39 3584.06 3556.5 3995.86 3556.52 3996.09
4168.69 4336.37 3747.05 4336.54 3747.22 3717.71 4183.5 3717.72 4183.73
4365.16 4540.72 3917.62 4540.88 3917.79 3886.22 4379.97 3886.23 4380.2
4570.88 4754.69 4095.95 4754.85 4096.12 4062.34 4585.71 4062.35 4585.93
4786.3 4978.73 4282.38 4978.9 4282.55 4246.43 4801.13 4246.44 4801.36
5011.87 5213.33 4477.29 5213.49 4477.46 4438.85 5026.71 4438.86 5026.94
5248.07 5458.98 4681.06 5459.14 4681.22 4639.97 5262.92 4639.98 5263.15
5495.41 5716.19 4894.09 5716.36 4894.25 4850.19 5510.26 4850.2 5510.49
5754.4 5985.52 5116.8 5985.69 5116.96 5069.91 5769.26 5069.92 5769.49
6025.6 6267.54 5349.63 6267.7 5349.8 5299.57 6040.46 5299.58 6040.69
6309.57 6562.84 5593.04 6563 5593.21 5539.62 6324.45 5539.62 6324.68
6606.93 6872.04 5847.52 6872.21 5847.69 5790.51 6621.81 5790.52 6622.04
6918.31 7195.81 6113.56 7195.98 6113.73 6052.75 6933.19 6052.76 6933.42
7244.36 7534.83 6391.69 7534.99 6391.86 6326.84 7259.24 6326.85 7259.48
7585.78 7889.82 6682.46 7889.98 6682.63 6613.32 7600.66 6613.33 7600.89
7943.28 8261.52 6986.44 8261.68 6986.61 6912.75 7958.17 6912.76 7958.4
8317.64 8650.73 7304.24 8650.89 7304.4 7225.72 8332.53 7225.72 8332.76
8709.64 9058.27 7636.47 9058.44 7636.63 7552.82 8724.53 7552.82 8724.76
9120.11 9485.01 7983.8 9485.17 7983.96 7894.71 9135 7894.71 9135.24
9549.93 9931.85 8346.9 9932.01 8347.07 8252.04 9564.82 8252.04 9565.05
10000 10399.7 8726.51 10399.9 8726.67 8625.51 10014.9 8625.52 10015.1
