10.4713 0.0686463 0.080041 0.0733374 0.0752628
10.9648 0.0702773 0.082075 0.0751418 0.0770928
11.4815 0.0719208 0.0841341 0.0769635 0.0789396
12.0226 0.0735752 0.0862173 0.0788012 0.0808019
12.5893 0.0752391 0.0883233 0.0806537 0.082678
13.1826 0.0769112 0.090451 0.0825193 0.0845667
13.8038 0.0785898 0.0925991 0.0843966 0.0864662
14.4544 0.0802733 0.0947663 0.086284 0.088375
15.1356 0.0819602 0.0969511 0.0881798 0.0902913
15.8489 0.0836487 0.0991522 0.0900822 0.0922134
16.5959 0.0853371 0.101368 0.0919897 0.0941394
17.378 0.0870237 0.103597 0.0939002 0.0960675
18.197 0.0887066 0.105837 0.095812 0.0979958
19.0546 0.0903841 0.108088 0.0977232 0.0999223
19.9526 0.0920543 0.110346 0.0996318 0.101845
20.893 0.0937154 0.112611 0.101536 0.103762
21.8776 0.0953656 0.114881 0.103433 0.105672
22.9087 0.0970031 0.117154 0.105323 0.107571
23.9883 0.098626 0.119428 0.107201 0.109459
25.1189 0.100233 0.121701 0.109068 0.111333
26.3027 0.101821 0.123972 0.11092 0.113192
27.5423 0.10339 0.126239 0.112755 0.115033
28.8403 0.104937 0.1285 0.114573 0.116854
30.1995 0.106462 0.130754 0.11637 0.118653
31.6228 0.107961 0.132998 0.118146 0.12043
33.1131 0.109435 0.135231 0.119898 0.122181
34.6737 0.110881 0.137451 0.121624 0.123905
36.3078 0.112299 0.139657 0.123324 0.125601
38.0189 0.113686 0.141847 0.124995 0.127267
39.8107 0.115043 0.144019 0.126636 0.128902
41.6869 0.116367 0.146172 0.128246 0.130503
43.6516 0.117658 0.148305 0.129823 0.132071
45.7088 0.118916 0.150415 0.131367 0.133603
47.863 0.120138 0.152503 0.132875 0.135099
50.1187 0.121326 0.154565 0.134348 0.136558
52.4807 0.122478 0.156602 0.135784 0.137978
54.9541 0.123594 0.158612 0.137183 0.13936
57.544 0.124674 0.160594 0.138543 0.140702
60.256 0.125717 0.162547 0.139865 0.142005
63.0957 0.126724 0.16447 0.141149 0.143266
66.0693 0.127694 0.166362 0.142392 0.144488
69.1831 0.128628 0.168223 0.143597 0.145669
72.4436 0.129525 0.17005 0.144762 0.146809
75.8578 0.130387 0.171845 0.145887 0.147908
79.4328 0.131214 0.173606 0.146973 0.148966
83.1764 0.132006 0.175332 0.14802 0.149985
87.0964 0.132763 0.177024 0.149028 0.150964
91.2011 0.133487 0.178681 0.149998 0.151903
95.4993 0.134177 0.180302 0.15093 0.152803
100 0.134836 0.181887 0.151825 0.153665
104.713 0.135463 0.183436 0.152683 0.154489
109.648 0.136059 0.184948 0.153505 0.155277
114.815 0.136626 0.186425 0.154292 0.156028
120.226 0.137164 0.187865 0.155044 0.156745
125.893 0.137673 0.189269 0.155763 0.157427
131.826 0.138156 0.190637 0.15645 0.158075
138.038 0.138613 0.191969 0.157105 0.158692
144.544 0.139044 0.193265 0.157729 0.159277
151.356 0.139451 0.194525 0.158323 0.159831
158.489 0.139835 0.195751 0.158889 0.160357
165.959 0.140197 0.196941 0.159427 0.160854
173.78 0.140389 0.198117 0.159935 0.161327
181.97 0.138793 0.199465 0.160375 0.161818
190.546 0.137099 0.200715 0.16079 0.162284
199.526 0.135308 0.201853 0.161182 0.162726
208.93 0.133422 0.202891 0.16155 0.163145
218.776 0.131443 0.203897 0.161897 0.163543
229.087 0.129374 0.204878 0.162224 0.163919
239.883 0.127218 0.205835 0.16253 0.164276
251.189 0.124979 0.20677 0.162817 0.164615
263.027 0.122661 0.207682 0.163087 0.164935
275.423 0.120267 0.208574 0.16334 0.165239
288.403 0.117803 0.209445 0.163577 0.165526
301.995 0.115272 0.210296 0.163798 0.165798
316.228 0.112682 0.21113 0.164005 0.166056
331.131 0.110036 0.211945 0.164199 0.1663
346.737 0.107341 0.212743 0.164379 0.166531
363.078 0.104602 0.213525 0.164548 0.16675
380.189 0.101827 0.214292 0.164705 0.166958
398.107 0.0990201 0.215044 0.164851 0.167154
416.869 0.0961891 0.215782 0.164988 0.167341
436.516 0.0933402 0.216507 0.165115 0.167518
457.088 0.09048 0.21722 0.165233 0.167687
478.63 0.0876149 0.217921 0.165342 0.167847
501.187 0.0847516 0.21861 0.165444 0.167999
524.807 0.0818964 0.219289 0.165539 0.168144
549.541 0.0790556 0.219958 0.165627 0.168282
575.44 0.0762353 0.220618 0.165708 0.168414
602.56 0.0734413 0.221268 0.165784 0.168539
630.957 0.0706794 0.221911 0.165854 0.16866
660.693 0.0679547 0.222545 0.165918 0.168775
691.831 0.0652724 0.223172 0.165978 0.168885
724.436 0.0625859 0.223793 0.166034 0.16899
758.578 0.0600041 0.224407 0.166085 0.169092
794.328 0.0574774 0.225014 0.166133 0.169189
831.764 0.0550032 0.225617 0.166176 0.169283
870.964 0.0525858 0.226214 0.166217 0.169374
912.011 0.0502345 0.226806 0.166254 0.169461
954.993 0.0479513 0.227393 0.166289 0.169546
1000 0.045738 0.227977 0.166321 0.169628
1047.13 0.0435959 0.228556 0.16635 0.169707
1096.48 0.041526 0.229132 0.166377 0.169784
1148.15 0.0395289 0.229705 0.166402 0.169859
1202.26 0.0376048 0.230275 0.166425 0.169932
1258.93 0.0357536 0.230841 0.166446 0.170003
1318.26 0.033975 0.231406 0.166465 0.170073
1380.38 0.0322683 0.231968 0.166483 0.170141
1445.44 0.0306326 0.232528 0.1665 0.170208
1513.56 0.0290668 0.233087 0.166515 0.170273
1584.89 0.0275695 0.233643 0.166529 0.170337
1659.59 0.0261393 0.234199 0.166542 0.1704
1737.8 0.0247744 0.234753 0.166554 0.17045
1819.7 0.0234732 0.235305 0.166564 0.170523
1905.46 0.0222336 0.235857 0.166574 0.170583
1995.26 0.0210539 0.236409 0.166583 0.170642
2089.3 0.0199318 0.236959 0.166592 0.170701
2187.76 0.0188654 0.23751 0.1666 0.170759
2290.87 0.0178526 0.238059 0.166607 0.170816
2398.83 0.0168913 0.238609 0.166613 0.170873
2511.89 0.0159793 0.239159 0.166619 0.170929
2630.27 0.0151146 0.239708 0.166625 0.170985
2754.23 0.0142952 0.240258 0.16663 0.17104
2884.03 0.0135189 0.240808 0.166634 0.171095
3019.95 0.0127838 0.241358 0.166638 0.17115
3162.28 0.012088 0.241909 0.166642 0.171204
3311.31 0.0114295 0.242461 0.166646 0.171258
3467.37 0.0108066 0.243013 0.166649 0.171312
3630.78 0.0102175 0.243566 0.166652 0.171365
3801.89 0.00966042 0.244119 0.166655 0.171418
3981.07 0.00913378 0.244674 0.166657 0.171471
4168.69 0.00863598 0.245229 0.166659 0.171524
4365.16 0.00816551 0.245786 0.166661 0.171577
4570.88 0.00772093 0.246343 0.166663 0.171629
4786.3 0.00730085 0.246902 0.166665 0.171681
5011.87 0.00690395 0.247462 0.166667 0.171734
5248.07 0.00652898 0.248024 0.166668 0.171786
5495.41 0.00617475 0.248586 0.16667 0.171838
5754.4 0.0058401 0.249151 0.166671 0.17189
6025.6 0.00552397 0.249716 0.166672 0.171942
6309.57 0.00522533 0.250283 0.166673 0.171993
6606.93 0.00494321 0.250852 0.166674 0.172045
6918.31 0.0046767 0.251423 0.166675 0.172097
7244.36 0.00442491 0.251995 0.166675 0.172148
7585.78 0.00418703 0.252568 0.166676 0.1722
7943.28 0.00396227 0.253144 0.166677 0.172252
8317.64 0.00374991 0.253722 0.166677 0.172303
8709.64 0.00354924 0.254301 0.166678 0.172355
9120.11 0.00335961 0.254882 0.166679 0.172406
9549.93 0.0031804 0.255465 0.166679 0.172458
10000 0.00301102 0.256051 0.166679 0.172509
