F[11,{1}] 1 1
F[11,{1}] 2 1
F[12,{1}] 1 1
F[12,{1}] 2 1
F[12,{1}] 3 1
F[12,{1}] 1 1c
F[11,{1}] 1 1c
V[1] 1 1
V[1] 2 1
V[1] 3 1
V[1] 4 1
V[1] 5 1
V[1] 6 1
V[1] 7 1
V[1] 8 1
V[1] 9 1
V[1] 10 1
V[1] 11 1
V[1] 12 1
V[1] 13 1
V[1] 14 1
V[1] 15 1
V[1] 16 1
V[1] 17 1
V[1] 18 1
V[1] 1 1c
V[3] 1 1
V[3] 2 1
V[3] 3 1
V[3] 4 1
V[3] 5 1
V[3] 6 1
V[3] 7 1
V[3] 8 1
V[3] 9 1
V[3] 10 1
V[3] 11 1
V[3] 12 1
V[3] 13 1
V[3] 14 1
V[3] 15 1
V[3] 16 1
V[3] 17 1
V[3] 18 1
V[3] 19 1
V[3] 20 1
V[3] 21 1
V[3] 22 1
V[3] 23 1
V[3] 24 1
V[3] 1 1c
V[2] 1 1
V[2] 2 1
V[2] 3 1
V[2] 4 1
V[2] 5 1
V[2] 6 1
V[2] 7 1
V[2] 8 1
V[2] 9 1
V[2] 10 1
V[2] 11 1
V[2] 12 1
V[2] 13 1
V[2] 14 1
V[2] 15 1
V[2] 16 1
V[2] 17 1
V[2] 18 1
V[2] 19 1
V[2] 20 1
V[2] 21 1
V[2] 22 1
V[2] 23 1
V[2] 24 1
V[2] 25 1
V[2] 1 1c
